609
648
817
408
992
381
433
393
905
398
688
714
69
589
7
11
260
187
550
197
126
55
872
316
539
405
528
985
442
259
382
731
473
98
702
804
642
5
243
301
45
410
314
661
494
924
189
621
434
400
874
28
946
255
837
631
403
889
542
513
949
674
762
779
534
987
153
136
797
606
982
290
367
379
721
906
286
50
681
950
699
265
392
2
744
675
737
552
739
65
998
827
435
667
498
218
118
588
252
554
591
557
867
988
149
297
74
157
605
110
345
816
829
304
798
99
771
643
725
733
617
372
968
464
230
389
116
184
809
796
101
291
634
666
736
394
509
613
86
593
903
225
438
88
147
548
150
691
669
974
956
146
244
227
799
289
107
6
562
192
17
821
117
214
724
940
624
247
919
522
633
915
305
111
961
529
349
145
90
144
884
213
766
672
12
616
267
262
427
747
720
490
51
278
953
346
347
317
931
292
981
851
299
266
826
4
159
366
831
684
930
40
732
220
378
432
70
472
805
248
877
656
411
310
360
511
376
571
947
215
96
980
584
880
298
450
916
897
351
499
856
81
151
423
337
307
330
920
925
395
870
54
396
138
532
448
918
165
778
62
842
318
234
519
352
997
770
237
282
161
109
687
223
696
841
75
437
746
518
49
300
53
910
904
97
794
359
231
60
326
354
967
969
784
504
295
811
693
943
203
948
388
13
772
637
845
970
710
678
892
170
786
78
952
520
965
195
79
828
344
420
929
618
87
598
256
941
279
47
521
308
58
959
583
72
976
993
909
43
264
325
335
83
858
131
760
483
496
516
461
402
600
888
632
573
276
428
484
399
271
654
436
629
658
862
306
535
568
505
790
172
619
451
356
158
823
415
861
527
15
651
458
787
294
431
176
424
545
759
177
757
891
363
41
780
560
311
285
751
102
224
752
108
604
31
10
3
386
646
582
139
657
795
547
488
353
730
142
19
125
495
455
716
232
181
902
818
275
167
530
819
0
481
205
26
355
869
140
806
502
479
1001
246
694
471
239
454
775
659
761
1000
160
773
991
973
563
586
541
506
630
373
120
321
954
515
137
312
964
114
407
546
865
921
713
706
838
67
179
413
979
103
885
768
984
171
439
487
938
854
94
664
387
20
756
701
705
740
449
342
268
32
199
538
228
540
323
277
302
39
860
68
362
882
683
602
46
525
480
209
365
42
577
832
575
287
803
501
119
364
377
934
913
836
789
878
620
18
33
558
785
610
914
447
233
676
886
8
82
100
188
791
549
679
839
788
876
543
477
927
334
397
783
596
595
847
597
250
815
607
280
719
962
296
824
570
649
774
293
429
849
531
695
555
922
937
972
1002
983
994
820
154
56
208
63
567
283
416
425
556
241
749
507
569
37
253
650
758
152
229
822
73
900
95
685
978
336
853
793
908
328
559
497
866
113
44
707
890
623
219
257
977
315
776
216
510
722
526
963
492
986
380
132
414
35
901
64
644
989
512
127
638
729
200
417
194
574
690
802
524
755
135
84
635
254
85
358
957
191
129
652
385
207
27
777
926
491
452
210
196
143
533
848
879
459
486
343
680
22
418
748
361
951
883
453
339
105
579
124
500
338
467
503
89
932
185
647
404
251
835
627
564
426
855
523
329
726
868
164
217
391
544
601
887
368
769
222
249
66
622
834
457
245
272
466
357
735
489
781
857
711
660
873
422
814
288
470
333
115
846
911
226
576
91
514
727
270
517
581
183
899
626
104
193
663
742
801
825
430
813
178
163
936
566
401
468
812
128
704
907
340
537
933
833
409
578
960
587
686
130
955
553
655
444
93
995
767
665
204
133
313
852
808
61
590
551
478
57
741
844
608
348
958
52
612
456
211
709
572
465
743
703
182
945
242
668
370
996
871
653
148
708
369
23
240
261
212
508
840
175
843
412
469
235
168
106
460
24
350
764
485
236
975
238
935
712
419
645
155
21
750
112
615
895
565
156
463
390
662
754
536
682
440
728
723
274
810
864
966
206
77
30
258
134
202
971
281
341
753
173
894
697
462
169
859
628
670
893
800
923
25
443
898
327
