431
683
498
686
205
464
201
970
876
581
900
532
450
317
194
649
42
886
726
398
129
24
381
882
397
7
253
232
394
177
471
950
598
182
323
828
507
724
299
304
592
955
67
922
81
324
422
70
853
222
979
618
145
677
76
163
610
987
468
982
133
188
361
790
730
329
624
293
200
612
617
137
308
369
549
834
500
82
132
285
764
470
915
153
744
898
136
840
4
337
197
978
495
537
65
438
63
578
944
1001
142
21
263
552
421
694
150
409
639
465
93
705
20
499
134
909
791
59
459
451
833
46
272
962
652
296
118
395
655
476
227
548
23
645
680
210
767
777
169
871
745
318
346
893
722
783
614
301
310
472
410
629
333
420
240
330
429
661
689
473
17
657
890
807
474
66
729
255
763
820
626
36
803
73
502
122
993
795
669
938
40
55
117
816
216
625
906
534
636
520
935
52
553
725
53
457
800
15
16
160
29
529
990
405
164
108
870
723
958
412
727
575
230
854
983
937
858
61
407
585
475
613
87
112
516
292
418
753
540
195
565
939
531
841
162
321
717
456
147
679
667
650
889
331
646
892
282
670
836
538
309
916
344
718
368
859
510
597
35
918
698
568
22
506
884
817
269
616
975
991
430
71
512
908
551
60
687
50
998
647
56
69
706
372
583
985
94
213
688
801
57
930
439
186
732
857
695
525
284
159
847
956
440
593
561
189
300
314
0
101
171
784
971
494
64
699
805
685
684
739
13
543
948
842
237
243
554
228
10
711
268
350
518
799
204
9
1000
697
632
977
175
852
855
528
107
530
867
100
305
338
771
716
806
130
339
692
399
577
148
77
696
824
463
920
103
72
693
837
467
967
367
600
584
550
274
384
656
152
370
496
83
668
877
187
576
755
97
793
287
235
306
88
218
161
140
294
513
322
969
968
579
374
885
32
721
952
936
14
818
878
206
619
848
907
365
449
989
84
276
396
437
522
371
569
830
743
690
957
327
961
98
433
477
487
43
47
406
774
929
180
912
919
814
927
166
925
215
86
348
319
414
659
634
904
173
728
332
184
191
266
54
390
283
246
850
353
174
798
797
873
622
887
891
736
320
785
701
504
715
402
638
580
131
95
248
466
999
391
741
229
124
231
199
8
392
448
571
665
505
281
156
355
80
408
264
45
363
545
303
720
426
524
917
832
766
988
480
490
362
193
653
202
776
973
633
758
899
121
261
942
526
620
631
902
356
787
606
358
400
839
377
914
419
458
611
673
682
943
238
127
719
307
485
452
277
835
911
640
444
302
219
535
851
385
808
326
176
436
775
434
792
910
564
974
18
544
236
868
383
58
599
234
521
607
862
239
170
924
707
106
708
932
273
863
119
547
455
375
559
242
678
341
984
864
254
244
33
527
49
856
286
334
905
479
497
1002
995
815
251
270
196
179
404
883
48
211
221
517
220
541
869
342
249
345
931
934
25
768
110
514
691
710
241
574
523
546
336
748
149
556
484
135
605
731
115
782
5
411
826
41
566
295
819
846
702
662
328
921
146
749
225
765
838
423
435
628
895
493
822
226
165
245
586
120
849
267
980
386
681
759
860
357
312
761
587
976
901
78
714
831
416
99
382
380
425
644
12
781
947
335
558
949
3
280
635
427
90
654
594
190
68
926
37
509
734
897
185
827
603
31
595
125
663
608
214
796
158
804
38
482
941
442
675
700
290
981
672
829
311
441
447
582
623
443
157
963
379
555
483
401
343
151
217
588
155
953
648
340
964
879
288
413
542
389
11
747
113
154
364
615
996
676
445
809
713
432
779
896
563
481
486
557
26
703
6
641
601
298
940
951
143
604
415
712
315
491
168
567
366
111
750
351
256
786
114
772
144
247
627
666
591
874
75
461
671
297
660
19
373
462
352
104
207
89
501
278
424
965
74
894
589
746
754
778
866
642
536
740
843
360
602
812
844
674
252
769
609
903
85
794
139
770
972
760
279
590
875
349
923
105
651
257
872
417
751
233
28
946
515
1
178
704
354
539
203
789
992
313
888
756
92
387
562
813
966
865
954
752
460
198
960
262
265
