230
273
229
700
160
83
608
341
124
152
212
136
984
579
866
889
66
598
514
86
623
402
833
439
179
64
23
303
473
864
749
693
640
254
962
631
894
674
918
111
44
997
238
435
825
890
716
744
713
540
225
106
753
513
103
737
169
105
900
814
664
31
799
380
743
580
323
655
636
856
735
725
434
339
163
61
592
955
767
235
784
116
578
143
41
501
908
589
917
705
73
156
511
771
227
723
118
247
717
874
509
410
186
778
758
892
214
569
911
239
360
530
10
777
117
988
56
728
330
711
651
142
43
53
183
422
919
222
85
821
127
476
734
676
139
910
642
600
319
221
550
677
632
340
281
483
747
26
237
634
158
897
320
502
952
398
996
860
141
291
615
175
773
828
198
620
508
467
724
822
396
153
181
264
353
842
991
313
970
461
482
879
337
296
699
807
479
946
48
690
740
853
517
283
196
680
11
835
216
405
609
155
431
70
219
719
97
24
180
570
675
138
478
983
848
242
311
523
493
916
644
582
532
386
454
204
470
876
488
792
999
329
742
535
870
673
344
805
873
81
285
135
33
762
420
217
666
15
276
458
706
815
366
893
648
929
847
628
761
358
491
526
852
390
17
200
277
977
672
920
785
586
670
528
51
465
297
665
921
521
973
559
685
647
746
618
98
787
708
195
858
573
93
446
379
924
84
612
263
865
357
602
840
185
497
982
62
942
657
878
604
543
317
938
956
654
659
3
177
34
522
607
40
456
159
667
202
995
126
652
6
322
869
818
544
232
963
981
498
500
307
485
144
779
757
687
611
265
257
370
451
391
495
46
601
468
348
739
194
553
683
333
616
490
324
843
189
417
503
69
401
113
210
813
299
925
406
850
662
812
71
961
331
732
150
519
361
686
566
492
621
284
994
537
831
539
525
199
549
270
883
289
721
661
764
387
128
593
407
857
7
437
934
499
100
78
125
801
839
913
619
650
754
766
443
645
60
809
541
976
367
18
776
207
57
29
572
635
533
909
726
453
364
147
149
372
19
427
389
738
895
791
132
241
571
90
32
854
803
328
220
408
55
755
496
392
951
471
826
314
269
512
236
804
9
115
806
1001
292
154
347
824
178
343
872
4
684
489
565
350
891
560
334
555
424
65
59
875
945
481
554
985
720
817
682
172
193
972
912
829
709
170
688
562
462
599
770
91
315
382
583
948
993
596
797
363
50
436
613
201
695
768
931
516
205
694
80
800
556
585
786
557
412
808
949
630
22
922
765
531
939
109
272
844
958
971
209
326
802
290
248
464
411
707
187
440
663
748
208
646
846
373
637
751
969
52
72
418
937
130
538
49
58
321
447
736
421
397
2
769
282
302
750
226
393
295
469
249
21
395
935
484
730
188
444
678
816
13
336
110
426
425
335
151
271
689
524
845
362
308
355
867
906
595
102
445
901
722
184
25
287
39
274
104
190
129
548
0
394
167
534
855
974
763
795
980
933
923
714
978
310
449
244
20
823
112
288
584
563
171
304
789
837
907
691
475
930
880
114
99
96
457
701
38
627
218
165
575
388
902
211
862
74
259
610
256
262
733
990
574
442
810
448
342
653
414
943
641
960
729
309
378
145
107
703
515
1002
967
119
545
527
626
375
558
293
275
830
403
992
234
327
8
788
240
696
474
95
564
157
551
964
905
374
731
28
638
54
597
82
452
681
633
950
176
36
415
639
252
568
581
494
351
957
192
915
338
885
959
954
369
365
928
506
759
318
173
697
182
775
63
899
356
782
811
561
712
505
520
979
472
529
871
727
294
783
692
35
932
255
741
450
881
42
834
148
67
715
668
914
614
224
868
231
325
233
798
301
827
552
416
718
332
760
47
671
385
859
279
903
223
400
428
926
349
772
480
849
354
438
953
260
76
92
68
1000
968
77
37
577
432
752
658
267
466
486
624
841
101
888
965
669
133
936
947
660
131
14
940
790
1
820
796
423
27
487
191
203
381
94
781
576
649
108
832
246
162
429
886
409
702
120
704
591
79
268
861
594
507
383
819
258
588
455
251
643
250
567
206
987
122
168
605
590
