257
845
117
413
878
341
646
335
785
573
185
2
48
634
512
514
321
131
645
802
35
356
618
556
706
848
100
161
24
463
829
240
473
966
884
355
340
153
978
558
333
462
836
76
15
636
662
655
456
808
291
977
667
323
132
109
420
973
591
302
233
366
453
761
939
723
36
435
575
832
328
433
148
578
338
745
187
171
226
598
798
272
1
317
525
91
658
448
753
911
609
290
378
445
852
691
158
452
821
951
650
83
342
837
379
217
885
804
25
502
231
726
801
474
156
3
815
640
94
287
954
588
29
741
493
877
110
174
524
739
830
359
227
601
499
457
364
630
21
144
491
720
528
615
807
177
13
779
343
127
398
550
451
87
967
256
380
10
740
671
201
399
209
6
494
559
581
511
0
196
857
238
440
172
810
310
847
682
513
861
55
447
330
14
368
61
152
410
394
561
652
181
279
39
791
255
184
826
632
996
337
222
1001
81
641
409
744
699
361
358
659
594
259
686
643
101
103
796
734
948
713
921
43
984
539
59
353
680
487
104
470
959
329
405
245
170
111
540
389
33
647
799
782
824
123
709
853
509
551
668
69
806
602
230
483
220
681
336
253
712
725
840
211
339
354
694
955
717
789
88
129
935
189
288
880
983
374
309
784
67
747
839
915
454
324
348
289
372
693
690
135
71
65
797
542
319
199
357
731
501
53
150
77
415
613
568
855
479
975
236
534
557
66
554
711
284
675
599
795
612
425
722
224
485
781
411
424
278
896
207
751
940
17
178
941
522
897
391
450
139
719
392
969
750
165
469
738
868
388
952
260
922
346
246
362
549
949
577
661
735
46
475
416
692
377
906
318
40
866
616
108
633
875
990
292
85
768
904
515
471
918
850
371
239
466
439
496
517
400
160
666
418
93
676
307
151
961
183
927
375
164
805
956
626
827
748
422
858
538
773
642
105
142
818
742
531
417
763
460
648
674
743
685
981
195
304
697
390
45
683
124
308
530
701
188
592
997
96
870
510
130
441
481
203
950
477
74
115
252
82
823
295
154
42
381
715
879
27
943
30
583
769
606
32
758
427
649
974
838
849
141
37
385
64
136
349
953
873
663
944
258
809
282
654
541
657
684
708
316
622
314
874
960
909
929
320
523
70
760
22
976
901
700
669
867
518
979
872
488
778
819
963
766
327
270
9
442
303
401
112
730
637
19
894
800
267
200
232
705
387
552
562
344
958
980
957
163
254
679
597
395
775
301
635
545
982
482
946
498
75
296
537
638
574
500
905
535
421
533
899
311
665
146
325
989
92
191
486
656
125
831
373
566
430
223
936
263
280
57
664
51
992
516
437
754
555
334
229
937
617
4
521
397
563
265
58
930
79
891
727
862
438
625
393
276
221
143
11
297
234
286
436
579
134
584
414
698
793
443
332
814
842
816
23
582
275
478
241
695
468
406
41
995
924
627
250
264
569
47
908
895
920
202
881
68
186
205
370
623
490
736
771
182
704
780
589
99
774
403
998
628
687
991
175
843
204
495
95
243
887
749
1000
476
480
794
412
764
611
590
752
890
137
12
159
938
621
347
817
834
898
369
757
721
396
593
833
596
90
828
363
465
193
228
803
166
947
360
653
965
190
198
624
484
893
928
352
724
26
402
467
755
1002
942
237
907
639
825
892
293
696
306
608
910
384
985
244
107
786
570
28
610
580
126
603
900
50
863
576
210
605
886
86
620
564
376
912
994
78
194
932
716
882
869
62
247
544
294
298
455
756
629
767
140
919
7
651
565
261
532
547
34
285
710
964
492
571
449
20
553
208
587
926
519
133
790
595
841
765
759
213
586
5
169
746
446
326
167
434
917
672
914
428
97
733
934
49
273
351
300
732
429
432
822
271
988
345
702
971
426
274
548
860
16
945
80
383
811
44
235
472
219
113
305
718
585
89
560
508
249
772
72
489
600
607
631
192
506
218
331
459
31
902
787
350
122
180
503
173
859
162
714
968
543
248
703
215
52
407
812
851
792
157
931
119
322
464
262
73
315
678
903
98
504
128
281
283
999
63
677
118
788
299
408
