953
612
969
404
677
985
590
672
824
49
554
142
374
248
301
133
104
6
635
713
408
482
429
567
345
119
108
517
592
428
913
721
747
241
862
691
78
932
604
802
709
340
90
101
94
841
783
41
724
472
502
34
258
35
148
459
686
680
623
688
309
430
537
737
948
571
770
819
311
17
872
335
242
274
676
65
191
866
815
895
837
745
543
795
954
331
467
684
576
838
415
189
957
403
835
529
973
779
244
154
644
13
710
156
432
827
268
527
581
716
704
304
754
59
871
175
719
453
120
262
180
1000
3
194
988
355
699
808
414
889
483
661
573
2
480
255
797
860
443
314
73
117
911
320
111
5
787
920
594
464
589
437
8
718
56
395
563
801
84
228
159
205
125
383
890
487
339
531
800
195
202
81
236
494
238
201
186
233
805
970
216
50
947
512
959
955
200
223
329
388
980
993
579
587
654
434
899
553
756
207
347
250
919
47
541
639
19
789
763
600
678
649
267
433
826
977
358
177
636
60
364
622
967
370
597
764
107
750
991
997
809
99
559
493
788
641
457
944
928
181
12
942
85
298
652
504
389
893
888
135
584
552
160
708
538
999
341
909
516
956
963
121
735
187
16
530
455
386
306
921
106
473
23
834
69
422
463
496
828
804
894
439
876
74
218
528
265
560
110
368
983
877
185
286
650
602
836
419
61
382
759
435
673
643
807
740
882
307
848
134
507
998
349
57
966
900
755
372
318
291
46
277
844
929
224
683
280
0
941
769
66
555
734
821
574
550
294
354
746
245
257
161
726
608
523
679
858
995
247
846
239
220
832
92
114
647
982
76
984
551
132
525
366
58
289
246
923
874
40
89
192
426
68
664
986
139
939
474
118
971
974
794
350
840
702
776
385
934
885
14
375
82
495
700
915
578
88
363
273
172
781
103
757
446
371
45
786
449
851
607
891
11
214
344
703
814
147
299
283
748
412
632
798
744
933
922
173
436
931
226
305
31
521
481
598
285
739
486
916
619
116
452
950
509
95
261
638
692
577
671
102
62
204
479
790
184
705
736
91
945
711
772
618
733
411
346
484
817
29
54
491
39
157
796
146
221
725
865
605
720
394
52
625
863
359
675
402
773
421
448
165
284
80
227
447
353
310
730
259
323
9
682
868
30
938
179
27
33
334
361
293
785
962
197
897
392
546
791
634
535
510
122
378
38
582
674
162
67
124
4
697
762
427
614
669
506
910
399
631
352
842
663
260
333
153
396
501
373
312
42
761
522
951
855
803
685
613
599
758
640
593
445
272
880
519
377
498
881
823
825
97
128
544
379
203
343
731
811
518
782
488
237
549
400
570
232
442
98
878
981
511
839
217
360
558
741
961
225
18
168
292
659
397
540
328
902
629
93
213
337
425
806
115
158
992
112
36
105
362
365
441
565
351
976
249
852
799
406
856
164
879
816
831
83
701
295
70
610
667
926
867
651
727
127
843
1
658
539
601
308
585
410
171
417
766
698
603
460
869
637
423
315
376
524
870
438
742
150
1002
556
822
810
409
143
526
861
989
830
208
440
131
380
174
533
270
407
875
123
138
51
624
275
968
342
256
182
617
300
690
768
240
230
918
326
458
681
662
765
465
163
167
145
206
500
188
324
657
743
833
853
850
898
575
79
812
687
906
994
229
723
780
100
290
444
949
53
391
965
1001
666
251
499
475
670
271
44
113
24
211
620
169
591
990
596
520
32
611
109
136
330
222
28
287
722
55
975
884
904
48
978
979
642
545
477
547
63
413
384
892
322
451
784
234
656
557
462
424
930
303
887
689
219
873
296
21
760
420
325
199
450
137
536
696
717
646
628
212
964
937
924
505
818
231
405
729
568
317
183
859
857
693
609
626
485
278
630
20
170
401
927
566
176
327
706
198
470
886
694
266
615
732
492
130
338
854
489
572
606
193
140
416
660
476
714
152
849
901
10
269
96
210
987
752
569
813
775
548
946
532
936
332
75
712
77
263
996
149
935
514
943
469
564
774
461
253
771
845
369
321
695
151
952
302
190
586
348
243
793
87
751
655
912
778
