332
835
891
261
803
628
705
299
742
633
319
632
904
611
417
241
949
115
32
131
459
953
599
290
334
375
54
341
247
692
324
591
838
638
762
27
212
783
519
820
161
123
690
168
491
952
248
719
310
371
712
790
753
150
588
828
159
852
656
630
10
522
931
179
97
513
92
708
498
959
502
697
991
532
102
977
657
449
711
512
772
781
695
352
55
689
17
30
577
895
196
985
918
287
472
486
561
391
887
401
578
343
155
968
524
6
39
823
269
98
79
579
877
101
840
201
826
203
872
19
914
162
618
676
272
957
315
629
219
145
809
351
358
361
881
709
898
597
964
718
804
645
693
858
967
388
878
279
199
345
947
481
601
500
296
270
899
496
739
320
328
116
404
455
369
555
208
233
909
661
853
596
355
720
960
769
568
467
412
651
606
187
209
119
244
424
929
22
366
273
94
703
331
869
795
698
117
501
529
108
93
288
663
682
605
796
702
870
236
263
430
537
280
321
792
411
249
552
475
779
284
349
198
936
447
359
260
972
873
523
316
399
420
132
365
453
169
752
337
975
37
73
789
463
609
202
728
963
928
976
989
951
99
200
669
95
186
745
194
571
511
545
443
322
286
811
221
416
799
990
707
948
553
139
886
265
21
768
499
386
566
771
699
557
170
106
25
62
468
631
402
937
727
843
563
182
148
76
773
647
784
177
211
750
701
26
13
393
229
801
984
735
774
494
643
157
926
637
206
864
389
667
525
860
726
82
252
995
714
710
228
932
660
558
40
917
941
45
185
240
317
141
213
446
880
408
504
135
456
906
846
583
686
862
675
884
694
121
623
845
29
517
665
68
368
829
986
652
920
691
70
323
461
515
738
788
110
217
945
924
818
685
827
863
293
428
100
218
226
946
958
808
776
20
983
600
224
283
807
193
436
534
435
256
258
922
766
621
683
933
640
866
893
57
452
227
673
398
913
648
688
304
84
736
392
915
654
189
737
495
230
129
242
7
861
574
541
403
333
749
755
138
292
979
830
715
214
587
684
560
9
520
493
33
251
610
982
607
733
677
204
360
377
190
372
576
419
281
653
222
318
275
996
136
487
338
127
36
51
427
554
336
800
31
636
274
262
518
836
1
816
849
409
171
152
3
912
458
370
817
174
52
364
956
181
680
18
294
390
916
210
641
48
908
61
394
639
704
254
556
474
216
126
634
147
86
422
658
350
120
729
28
268
674
911
507
146
589
77
339
821
614
793
883
921
91
122
257
225
266
302
255
939
308
354
608
107
160
433
154
978
927
81
15
278
526
551
981
63
382
75
384
482
666
970
1001
889
787
188
96
329
754
89
910
191
297
466
678
567
442
72
969
457
114
573
536
503
163
885
451
83
509
344
301
814
785
448
47
153
397
483
700
594
743
173
570
696
410
484
237
71
238
833
66
80
902
326
569
842
425
659
104
603
794
670
966
874
717
894
744
444
164
564
205
74
309
825
243
775
934
429
662
546
533
134
291
540
465
748
12
593
23
767
267
60
575
165
464
999
327
492
4
395
716
806
535
528
330
955
602
581
413
672
761
239
172
124
724
380
385
521
259
381
149
538
549
423
617
56
276
900
426
406
325
824
759
78
604
215
437
919
49
140
758
943
46
143
197
622
24
813
103
890
822
668
935
105
285
311
305
480
439
713
454
855
988
778
550
0
844
58
679
664
865
734
650
834
462
831
50
118
176
306
489
620
721
65
183
782
619
450
195
580
357
379
530
635
791
178
69
998
741
113
971
353
234
974
253
477
109
531
760
942
901
859
905
542
473
681
421
584
431
871
142
347
264
740
868
407
137
797
973
938
624
786
961
615
112
43
516
300
857
687
220
405
271
992
548
158
854
342
414
725
38
514
282
510
723
997
649
965
184
16
471
944
363
485
962
731
415
888
156
373
400
757
867
847
544
35
940
2
14
295
543
671
223
613
585
64
378
770
848
441
88
180
930
125
810
730
616
812
994
298
111
34
832
133
805
539
527
438
374
289
470
950
897
356
44
508
207
892
440
41
980
175
232
85
626
746
798
642
882
903
