693
160
272
614
955
268
458
747
348
757
296
764
811
935
39
257
211
958
499
250
386
418
367
714
287
429
276
762
5
741
234
444
563
661
388
818
882
794
342
800
269
744
845
956
618
863
856
144
938
46
483
319
138
960
423
370
109
79
14
851
271
399
870
916
209
679
475
675
553
81
708
48
440
151
415
233
801
883
884
911
130
356
750
623
753
899
630
162
237
945
23
235
902
57
377
471
746
996
466
173
137
329
102
55
825
576
230
93
645
63
586
830
718
665
158
473
907
528
784
951
392
923
40
636
925
774
673
339
904
141
148
430
603
523
298
984
638
199
848
561
468
56
550
75
311
756
545
212
983
351
642
214
853
243
624
432
930
507
742
322
682
824
6
33
515
364
525
970
247
508
196
283
817
995
289
89
670
836
941
379
745
875
186
441
497
280
459
155
947
704
739
167
303
798
772
536
592
657
496
45
950
470
299
683
284
919
7
187
96
783
111
932
992
124
190
376
267
569
408
301
520
404
80
568
442
103
77
219
948
146
406
689
259
796
67
620
612
587
420
194
779
395
58
369
999
957
544
639
694
685
986
32
26
469
355
249
338
99
84
349
511
121
669
770
86
164
933
172
368
493
844
891
518
92
307
221
778
241
634
210
835
452
47
439
604
664
942
826
733
847
282
802
584
460
606
325
467
758
222
1002
28
565
814
567
337
476
334
775
667
766
644
666
240
434
495
663
535
813
659
558
648
651
375
258
878
748
182
571
621
136
846
827
85
649
731
106
713
490
828
255
397
573
872
350
991
695
295
530
607
598
703
789
149
531
9
877
1000
318
359
119
989
973
294
491
580
446
236
291
52
436
264
17
330
161
261
605
581
908
937
582
506
69
227
43
952
699
288
793
628
244
12
165
632
428
521
700
934
159
780
834
594
331
13
327
112
532
451
895
3
812
260
304
363
479
502
74
254
601
513
65
0
816
245
546
838
36
906
674
662
841
609
61
107
652
903
858
461
110
616
11
312
135
464
463
752
486
193
773
691
843
719
888
897
949
726
583
837
977
819
480
306
936
862
384
94
256
969
519
810
684
122
804
353
537
595
183
206
776
910
579
133
70
191
867
968
556
266
560
646
335
95
839
238
91
716
378
310
501
41
855
324
153
333
688
419
564
966
402
500
698
412
974
610
797
865
66
4
954
401
231
427
697
278
894
488
478
760
654
574
189
790
672
918
154
963
763
831
105
893
200
127
169
985
967
300
671
279
410
352
759
37
701
176
453
474
265
62
961
736
510
566
421
821
980
225
994
431
622
448
414
577
437
354
197
874
557
374
205
426
740
781
866
799
332
975
917
787
503
629
978
489
274
982
297
514
728
115
49
631
805
314
993
125
909
840
881
34
505
340
253
409
959
749
170
403
633
538
407
709
275
829
729
22
305
600
898
540
717
972
575
308
876
641
522
123
181
180
613
721
527
640
381
732
232
215
710
97
447
263
549
590
462
140
900
635
820
792
445
229
277
921
822
913
743
692
998
660
142
390
915
424
769
281
512
924
482
477
184
10
944
50
686
738
292
626
807
554
71
795
207
120
487
25
578
78
177
316
285
931
939
360
54
104
20
492
413
735
597
166
706
981
16
602
139
321
990
365
914
114
251
771
687
145
168
559
885
852
517
593
343
156
498
347
943
443
132
864
591
997
857
869
596
711
362
76
341
44
273
720
118
696
768
976
922
38
725
35
208
270
1
21
570
761
889
465
782
964
611
391
68
676
51
411
988
435
449
456
868
619
394
336
389
8
896
2
539
653
599
175
534
617
82
317
929
886
60
722
224
328
472
680
494
987
126
216
59
185
15
786
248
157
860
677
383
361
734
220
239
72
192
19
393
481
1001
859
380
890
767
457
213
152
730
516
24
42
326
509
83
524
226
861
690
547
806
198
585
615
438
252
920
433
650
707
90
485
755
526
417
31
101
681
887
971
588
901
627
751
572
163
87
134
504
262
643
946
803
454
53
204
541
962
815
202
64
555
179
928
965
73
655
668
382
131
178
705
358
309
808
223
373
147
879
543
