870
453
22
424
158
941
330
828
844
531
257
643
645
869
916
562
570
263
756
377
14
279
459
277
65
751
514
308
271
150
796
732
426
175
874
410
408
894
273
317
719
161
763
7
968
950
681
629
331
218
525
873
536
826
174
582
183
44
236
41
130
346
615
463
794
535
559
933
419
888
511
532
11
772
384
390
937
106
614
202
541
231
537
466
919
329
843
388
781
768
972
381
945
380
524
119
931
157
4
401
88
753
132
266
280
285
743
620
293
798
821
79
847
270
486
923
469
898
887
658
666
550
477
578
866
752
593
261
906
13
738
807
918
27
375
291
561
746
428
1002
729
284
839
229
840
956
737
683
587
881
900
867
147
334
966
321
457
929
180
655
322
610
278
165
111
286
141
227
501
126
328
85
254
606
314
815
112
411
249
205
404
993
533
460
193
588
296
225
932
117
305
644
97
216
287
515
905
959
87
902
936
528
259
639
83
522
635
557
274
109
474
352
480
492
417
564
892
156
15
264
805
692
71
59
985
490
243
462
276
190
409
857
924
289
949
505
693
309
355
385
527
969
40
967
58
623
47
304
583
94
860
871
519
792
173
540
25
793
478
811
677
30
6
397
133
272
228
24
654
354
565
581
998
116
326
510
912
198
306
994
978
356
882
255
716
121
952
348
76
506
783
176
879
303
46
420
497
23
33
880
859
804
307
100
597
722
831
436
624
991
784
69
340
55
318
440
398
981
851
992
256
182
335
63
206
996
10
82
849
51
963
204
943
942
160
233
633
374
634
810
660
32
195
496
627
621
766
16
499
54
749
416
465
200
997
470
782
642
757
325
938
930
359
724
953
827
84
754
715
434
235
341
294
819
332
758
682
698
710
830
177
363
187
657
115
80
343
539
770
81
230
292
695
386
594
619
785
275
529
858
242
687
376
984
312
787
538
604
136
567
605
168
909
704
764
625
101
555
93
669
706
545
500
383
699
98
237
813
452
990
91
171
910
822
371
78
551
684
863
447
149
862
3
221
301
602
26
282
648
622
762
118
412
563
957
66
507
707
512
845
342
345
947
369
800
832
60
779
394
67
74
28
718
788
700
702
252
675
739
396
914
974
891
755
31
503
725
685
617
201
234
630
853
946
806
736
890
336
169
674
649
856
443
357
435
9
265
353
21
129
572
56
915
601
676
431
52
917
517
487
438
494
697
251
448
809
961
999
298
425
290
717
407
958
215
548
773
151
777
955
360
740
86
603
124
104
671
217
626
155
311
903
516
73
877
224
673
731
970
983
546
568
816
741
893
210
222
368
337
145
734
39
668
366
423
186
513
897
77
300
1001
817
269
154
920
72
852
144
449
405
678
638
429
365
456
689
616
89
70
744
747
153
733
982
727
664
765
925
473
128
711
1
339
846
647
214
49
20
319
834
162
361
730
268
748
875
861
637
640
90
590
595
57
842
965
907
120
592
135
125
502
327
523
159
493
253
934
884
232
889
760
37
138
726
854
350
127
789
99
491
495
197
808
108
413
885
878
659
432
560
841
521
632
418
96
549
895
926
954
987
951
577
1000
913
833
948
262
543
50
483
964
184
553
485
102
713
389
378
244
42
542
146
134
767
791
986
613
476
876
5
442
427
691
509
688
471
712
114
131
977
670
864
433
714
883
896
164
960
36
899
181
939
679
283
574
163
482
484
395
446
148
814
868
973
64
444
962
608
107
475
34
166
650
191
628
472
62
351
35
651
445
113
584
248
488
320
721
481
406
566
544
454
245
209
372
652
818
29
661
2
520
208
468
742
776
373
387
803
0
686
18
723
865
364
735
362
690
467
110
140
295
598
310
823
455
526
694
631
313
636
344
241
799
518
199
260
281
316
979
246
189
976
790
995
402
980
333
922
662
504
358
75
451
780
223
600
38
927
8
95
989
672
705
239
142
393
192
450
53
579
575
848
48
250
940
430
944
498
728
105
370
708
185
399
646
812
720
226
170
573
585
299
437
886
745
586
611
188
403
850
820
179
618
569
219
220
19
367
530
68
609
122
139
349
786
258
774
439
288
838
247
12
323
