728
908
907
84
775
582
43
212
840
265
332
384
997
302
717
589
528
870
914
81
441
772
463
10
856
648
448
184
875
867
77
129
446
228
371
219
80
326
652
849
673
721
450
712
931
889
396
807
141
754
895
164
134
604
126
200
964
268
174
254
887
158
495
812
432
433
524
413
825
730
387
920
346
504
734
823
695
262
261
644
71
430
594
295
942
9
69
153
484
720
223
566
23
464
193
666
242
149
941
664
105
479
88
282
681
12
351
969
185
361
857
18
981
940
281
443
329
723
575
993
367
466
820
125
393
537
795
107
624
688
580
355
406
5
547
541
338
34
852
713
168
92
180
945
663
949
47
274
248
1002
763
376
801
67
634
565
470
278
336
423
301
777
204
709
217
440
113
273
619
29
252
437
851
458
553
359
918
503
506
591
782
87
715
958
467
806
229
369
598
686
581
234
912
308
431
549
109
247
182
36
939
337
46
220
490
82
690
916
748
814
45
128
683
658
799
829
702
955
55
42
101
500
501
0
669
818
389
861
407
428
866
523
660
978
422
236
95
796
97
429
459
630
307
708
992
884
436
383
994
781
749
574
114
919
38
526
186
626
808
3
365
310
453
1000
377
49
485
150
249
159
943
98
878
409
195
780
363
864
711
527
888
362
838
655
577
468
881
1001
289
475
482
959
70
828
560
731
147
845
927
860
929
645
983
991
934
631
496
862
309
751
746
834
653
542
241
16
199
90
573
21
68
61
288
488
494
641
349
532
256
868
330
465
312
237
891
743
73
813
678
894
766
567
320
325
96
776
509
135
44
837
35
550
328
412
48
965
11
684
607
842
350
63
609
100
474
625
30
37
136
104
271
635
960
785
718
347
980
305
291
923
902
321
536
570
462
816
578
739
427
472
587
6
209
841
599
621
900
847
910
944
627
292
194
454
805
548
639
947
703
143
493
86
984
257
679
79
520
341
198
4
56
646
206
987
522
511
896
967
880
998
839
874
498
146
913
877
533
402
559
738
592
975
543
154
569
348
357
827
545
169
264
971
213
391
255
283
226
245
227
685
957
344
510
399
853
817
662
846
893
155
395
675
512
593
733
160
233
306
691
19
260
858
299
17
937
189
848
426
750
489
352
177
760
822
854
390
831
759
529
972
410
471
403
603
821
911
904
455
562
290
724
903
515
656
530
140
909
872
161
8
725
970
449
170
7
353
789
405
188
481
64
999
115
171
643
25
699
901
966
710
988
110
779
370
425
979
28
414
985
956
768
388
435
287
508
112
179
499
210
700
62
14
339
94
93
123
885
835
764
976
286
342
165
74
315
794
419
809
375
392
649
420
948
933
583
521
215
676
629
672
111
191
439
722
588
637
460
207
883
661
865
973
518
595
374
41
60
517
364
974
736
819
445
921
33
792
401
950
784
642
118
677
280
564
590
408
269
654
478
106
968
762
340
986
175
513
761
54
457
930
259
832
561
982
483
729
786
279
99
774
89
303
239
253
705
742
163
148
620
139
181
756
190
385
667
277
614
502
284
222
797
372
879
787
276
244
327
85
324
790
765
552
905
416
726
322
53
394
798
855
251
773
714
674
491
224
670
962
183
628
404
285
608
906
127
946
335
650
201
319
400
873
579
221
103
769
871
275
602
926
546
928
886
836
932
145
558
444
597
540
379
304
623
605
694
133
356
892
989
915
108
898
830
137
689
311
122
151
486
386
618
318
704
952
397
716
235
586
613
706
172
424
732
696
211
13
469
833
131
258
758
15
771
735
57
456
157
162
293
167
535
611
938
272
267
692
963
843
741
24
996
659
859
214
701
783
802
584
632
668
476
26
203
698
297
39
844
75
585
755
961
417
442
421
331
697
745
917
534
66
744
516
954
130
52
415
216
636
65
333
208
793
647
22
59
633
922
300
124
882
492
373
447
343
600
951
826
596
232
418
345
682
990
557
869
120
358
740
752
791
192
747
936
953
815
977
78
243
40
196
20
91
803
571
477
240
531
487
538
572
166
617
452
156
461
606
554
555
313
899
925
434
378
187
497
121
382
263
368
601
178
924
230
