56
469
351
646
880
47
169
842
181
391
616
944
847
598
758
932
370
809
680
904
697
586
854
767
258
470
273
935
871
309
197
766
170
377
908
285
513
86
627
108
872
837
105
111
674
403
489
991
828
532
547
347
451
463
275
292
841
810
600
996
428
536
235
768
654
899
177
303
694
724
967
545
429
569
231
287
87
729
442
702
542
304
414
624
297
223
625
963
127
415
478
379
431
862
508
486
716
348
848
922
120
897
326
669
807
421
271
653
873
102
964
417
207
257
891
70
240
224
40
856
475
549
225
802
4
778
615
700
752
232
8
511
48
206
592
272
628
43
134
621
126
623
411
119
721
270
749
524
769
710
986
321
72
859
748
525
896
648
400
551
263
941
329
641
523
191
186
367
374
883
712
966
468
772
449
485
236
178
193
397
194
578
604
492
123
229
622
432
241
895
946
199
626
808
212
472
137
36
161
331
218
771
884
366
608
704
459
905
192
277
373
301
583
423
732
693
382
473
579
985
507
398
914
900
845
386
915
885
780
537
515
869
413
684
75
190
344
998
950
560
849
476
512
603
954
558
961
125
144
939
634
117
975
313
591
756
396
677
783
968
467
974
37
692
811
389
327
518
636
665
183
588
282
406
696
164
926
209
203
760
202
642
705
60
970
979
605
458
122
564
375
345
540
833
184
114
480
98
182
260
10
158
552
566
562
572
368
668
796
13
812
501
82
196
658
325
104
577
679
168
465
506
606
63
372
698
984
1001
338
690
911
69
945
133
227
444
441
91
510
424
339
11
708
563
53
267
145
162
129
342
544
988
107
689
65
387
118
555
312
167
913
393
527
620
264
378
699
660
246
823
539
268
816
3
71
861
356
306
797
269
743
17
248
453
955
438
924
281
541
435
93
222
299
84
667
28
850
302
739
951
341
548
252
259
745
832
866
447
140
165
546
612
49
534
754
553
210
765
734
763
664
337
934
920
683
881
385
412
245
176
0
949
813
929
361
613
887
115
792
565
336
254
324
201
631
517
30
457
855
535
878
18
407
779
630
713
995
293
305
902
153
146
994
330
479
611
747
418
681
477
790
997
353
933
113
814
39
607
456
230
901
838
80
434
728
556
101
651
853
320
228
614
851
821
824
38
770
328
464
437
157
214
741
100
233
585
827
217
505
335
221
799
686
573
462
774
504
793
283
446
644
936
64
58
255
673
691
857
376
703
587
864
958
150
978
637
381
960
19
875
918
784
57
910
596
152
657
208
288
773
761
408
650
22
204
893
340
319
384
533
990
172
531
619
81
652
51
925
61
138
124
561
94
266
360
919
829
112
171
300
942
589
992
128
670
5
307
160
364
764
695
655
420
52
286
870
846
16
132
499
735
130
661
801
135
868
671
143
211
433
738
969
88
886
298
497
567
602
261
877
103
590
840
45
522
858
109
892
528
44
643
481
526
906
776
571
110
179
609
817
294
675
284
937
62
672
332
1
737
568
142
876
730
987
213
354
928
198
460
159
7
55
371
410
83
718
352
514
482
427
289
529
736
938
173
599
401
639
154
618
333
66
295
430
715
836
957
279
782
116
632
916
575
701
314
187
706
645
426
454
175
79
593
830
490
521
726
491
422
800
757
601
443
794
461
687
54
243
346
139
226
982
640
409
12
965
404
822
73
195
399
308
750
909
867
474
775
215
656
500
163
882
471
559
237
610
538
803
1000
874
280
15
496
311
131
251
290
494
23
317
136
727
647
852
956
584
247
927
278
359
953
95
1002
707
402
239
350
405
980
238
959
977
795
147
659
889
999
570
834
46
751
649
557
804
296
27
425
519
445
638
805
487
973
121
455
33
495
597
820
9
90
50
789
262
711
483
151
148
219
390
617
78
174
860
358
35
930
388
976
947
323
2
6
141
633
731
452
948
815
24
216
394
395
781
791
89
714
503
733
383
725
310
594
943
520
416
753
888
931
362
205
149
785
676
759
787
450
343
894
709
580
663
678
903
574
898
629
315
742
466
253
786
488
357
26
762
276
818
666
256
155
96
365
188
189
971
662
242
369
682
688
825
863
