436
349
623
22
587
723
106
775
459
336
930
859
848
229
557
136
152
753
951
464
958
510
695
937
795
426
883
907
570
754
227
273
691
243
375
307
613
154
482
993
70
286
602
856
824
923
316
808
107
663
466
442
354
66
504
368
696
683
963
177
217
747
545
292
922
562
361
880
542
657
924
353
29
976
956
268
74
199
718
776
916
677
422
947
653
576
438
476
990
946
471
973
517
270
355
742
47
894
857
599
822
547
49
352
893
527
392
968
592
749
546
726
724
132
338
150
952
945
533
682
114
162
877
772
583
531
589
745
538
41
434
109
195
928
709
938
235
71
551
17
60
190
61
597
380
77
220
445
454
640
374
437
797
389
586
675
261
404
347
245
817
39
303
335
564
979
525
280
494
84
628
779
862
301
617
175
634
971
10
639
518
905
906
752
834
418
820
343
854
561
344
35
734
1000
218
507
944
230
31
600
447
153
151
629
83
381
809
168
869
9
516
251
591
63
453
838
489
123
444
59
127
370
910
934
3
350
34
334
763
793
279
530
620
475
563
941
720
148
219
317
113
401
608
15
687
267
929
325
382
302
116
287
82
364
373
873
75
815
959
90
115
603
717
864
796
605
520
705
915
64
183
330
805
917
174
949
440
467
76
12
913
794
462
490
728
135
774
738
926
105
149
306
839
27
625
984
574
346
299
519
234
655
224
98
843
400
203
853
396
155
919
474
255
918
428
186
998
415
410
511
572
661
50
955
108
992
263
228
239
553
828
318
851
117
782
497
329
850
722
342
641
943
876
788
791
341
529
710
630
213
311
972
969
283
707
721
636
867
472
423
526
865
481
818
985
760
680
271
879
11
450
439
429
5
340
637
288
699
72
579
974
142
889
53
178
133
405
258
193
897
537
198
807
55
799
430
512
888
667
96
509
138
966
559
569
260
48
957
393
967
435
965
253
159
725
259
812
842
262
550
870
758
715
487
606
991
45
363
847
345
337
784
479
672
852
977
685
730
172
282
266
28
134
304
44
766
642
294
751
669
223
975
201
191
702
833
500
770
321
664
750
37
388
478
806
654
408
1002
441
391
896
558
131
94
402
804
534
962
56
390
881
226
247
767
614
351
140
376
662
163
584
659
697
649
38
204
871
914
78
909
79
331
515
829
989
875
377
845
899
319
554
740
277
652
674
300
252
997
898
124
676
575
798
145
866
624
284
970
362
761
895
130
841
448
367
395
658
607
328
988
901
982
463
359
101
860
762
310
908
62
912
732
278
276
323
365
202
508
68
412
698
615
884
119
665
196
733
549
681
254
492
184
238
125
357
165
169
451
777
498
769
305
427
942
514
179
156
706
692
122
248
936
764
461
99
802
0
180
4
837
85
157
495
291
170
21
181
816
194
619
18
633
399
104
264
950
102
863
858
786
81
953
496
539
465
626
568
164
281
312
904
411
577
618
371
158
616
792
207
92
671
925
290
469
727
95
927
315
961
701
885
295
232
339
425
249
160
16
826
996
737
872
121
622
813
2
571
714
187
756
598
999
565
505
491
566
406
222
421
836
80
100
645
593
54
231
320
578
878
814
67
449
424
567
801
541
246
275
580
887
555
708
521
166
51
535
211
785
713
1
137
480
185
210
552
348
161
581
212
110
457
118
823
765
700
57
678
272
679
739
383
7
128
378
477
414
735
703
206
548
827
221
978
36
594
673
397
274
960
225
729
269
891
684
8
126
296
40
610
332
886
783
981
297
743
285
874
265
790
601
24
112
89
560
470
556
825
780
188
173
835
940
237
588
741
902
983
694
800
719
954
789
52
452
609
192
398
308
289
768
488
746
650
543
484
69
506
233
403
643
744
460
6
523
522
501
407
748
638
257
855
93
810
690
890
536
666
604
811
30
65
431
773
387
882
416
455
91
582
293
14
759
456
327
13
632
585
176
129
313
58
143
86
832
540
366
831
103
987
314
693
821
372
921
43
503
326
656
144
413
948
964
757
532
111
868
844
26
87
931
647
573
648
911
244
986
846
236
711
216
356
256
660
787
324
590
803
483
20
298
644
611
120
