786
241
618
892
961
478
641
170
908
755
93
725
802
575
597
352
686
410
186
305
849
309
519
854
66
408
293
296
509
864
98
752
12
7
543
595
452
470
671
47
76
475
712
536
921
967
638
151
844
800
117
389
594
42
533
948
173
810
552
661
788
611
418
735
194
21
787
889
774
1002
330
260
72
922
744
815
243
398
727
673
906
857
582
137
577
191
791
14
941
37
380
633
546
5
882
640
986
25
70
813
689
544
471
874
722
952
63
809
50
505
635
672
218
327
439
399
514
574
541
962
789
685
440
984
271
550
693
893
592
520
878
985
361
343
179
902
333
435
492
190
220
551
548
69
421
340
745
0
674
538
165
526
887
156
586
414
617
700
817
328
620
665
759
482
217
287
424
348
724
1
318
797
162
336
57
447
851
372
669
940
772
610
405
554
422
35
918
596
877
848
120
650
359
835
488
559
728
276
500
458
134
51
931
926
227
387
99
867
973
679
972
701
890
74
773
863
404
270
477
828
876
172
106
436
55
928
444
392
888
917
649
358
914
31
506
316
807
626
224
147
999
152
600
229
998
501
455
537
825
187
996
547
211
879
406
394
681
484
847
208
839
454
676
730
896
862
781
128
891
768
81
512
935
763
247
726
632
78
885
292
29
450
997
804
748
842
565
827
54
872
751
806
593
279
322
374
965
332
653
8
818
628
259
563
355
719
9
571
378
666
100
148
103
654
502
623
30
573
645
71
246
75
311
261
263
682
946
294
716
210
684
607
449
746
937
126
576
958
860
816
104
139
116
953
557
729
252
776
324
429
313
273
468
442
980
875
779
974
830
608
381
90
338
881
803
698
516
542
457
122
939
838
598
24
40
625
486
932
430
283
651
978
6
886
201
605
613
820
473
53
44
602
350
662
448
832
743
384
367
944
924
268
239
588
846
819
476
615
427
920
10
483
59
323
428
368
416
89
564
977
420
829
288
272
177
423
507
285
670
988
325
899
870
462
713
195
964
656
534
479
453
52
664
652
280
709
556
532
67
836
364
741
129
200
936
691
720
955
983
264
982
146
570
993
138
199
379
115
258
539
580
959
989
696
845
209
300
496
903
164
215
859
4
228
413
49
795
140
994
687
236
489
312
39
290
923
411
80
176
644
702
370
366
771
257
837
968
535
826
2
426
799
778
354
274
523
253
572
306
223
409
833
160
41
503
356
319
123
192
299
149
525
762
930
714
329
166
609
161
949
494
159
467
910
461
856
114
219
317
579
718
403
767
792
295
202
942
136
775
717
198
315
65
749
979
22
721
704
111
145
360
142
643
757
677
497
905
524
624
11
433
933
499
780
555
226
92
205
107
647
385
784
269
135
82
231
174
267
64
706
960
175
561
680
913
871
630
591
341
568
130
238
382
761
811
167
793
562
362
20
758
695
321
141
884
101
464
26
545
622
540
777
207
16
157
373
278
185
660
487
346
976
474
783
206
119
668
251
738
216
45
446
94
56
639
169
498
766
601
386
125
770
711
181
158
798
36
747
583
342
18
97
510
943
614
255
33
950
603
143
180
566
390
417
975
441
432
731
365
481
155
237
214
970
19
612
281
1001
528
353
425
699
929
13
110
616
27
760
490
736
443
184
527
17
585
73
334
466
511
814
235
925
383
460
304
495
667
491
83
658
244
118
393
480
213
196
710
782
485
1000
168
866
419
337
897
990
286
715
193
954
901
808
249
971
363
963
183
569
344
697
894
275
590
297
277
756
907
254
178
376
121
916
627
675
225
841
265
86
95
634
919
869
289
938
48
303
790
513
642
451
834
282
401
703
637
212
991
396
242
708
154
437
883
765
203
32
750
692
529
124
84
88
517
347
646
621
434
947
77
357
163
581
515
880
307
23
102
230
521
801
753
463
493
438
785
46
705
742
34
912
740
969
636
38
291
619
189
335
560
431
153
250
694
375
108
402
150
843
331
732
266
222
734
796
465
144
508
865
812
900
182
395
28
629
945
927
599
133
456
68
840
469
861
310
522
518
895
957
171
981
850
221
377
326
240
631
898
530
232
868
659
690
472
