275
999
190
987
816
905
639
532
577
630
121
556
838
253
240
585
812
798
843
217
915
562
954
82
273
89
957
937
200
210
769
35
391
29
858
386
724
782
68
229
146
821
372
928
216
8
344
270
60
632
81
315
134
572
26
584
970
383
910
825
422
665
997
968
877
847
507
83
545
211
719
11
678
580
870
129
409
34
854
856
14
745
205
944
259
63
290
58
680
56
404
361
204
13
989
779
4
509
337
421
539
690
688
238
741
846
463
682
563
91
220
783
219
47
829
774
454
262
42
319
72
731
373
936
438
414
597
209
992
770
492
976
308
416
853
31
933
245
637
75
103
269
638
559
918
457
317
849
611
181
243
496
967
777
117
654
979
394
547
76
86
859
998
983
80
806
588
1002
182
167
158
28
943
105
267
107
813
306
781
966
759
397
743
643
707
228
891
578
126
746
625
799
652
227
836
67
972
712
307
143
548
523
866
490
809
498
681
98
922
790
328
516
575
616
851
619
187
525
612
748
623
714
423
550
139
398
370
133
214
65
898
218
875
305
37
705
904
552
408
222
842
749
332
586
549
364
560
161
311
574
823
185
631
249
22
116
985
175
726
666
33
444
73
21
486
412
379
233
668
554
55
255
251
246
467
407
320
717
468
899
363
763
791
531
595
830
605
206
511
996
789
327
711
892
750
36
261
102
771
106
382
931
192
277
709
342
74
314
132
264
52
6
176
470
481
903
263
147
958
824
710
760
950
784
201
850
873
811
701
96
919
518
622
826
879
333
61
141
735
691
64
839
178
478
54
114
279
57
696
568
686
785
521
265
878
732
180
656
662
45
505
765
135
810
920
411
343
376
876
848
142
601
300
18
475
991
807
617
362
960
684
464
108
148
929
155
278
948
885
961
274
413
151
179
744
772
124
177
111
599
551
374
778
424
795
318
949
594
427
159
887
627
984
291
334
226
533
728
104
805
761
428
832
170
886
494
964
250
32
773
716
224
882
325
144
87
923
896
756
917
822
529
610
607
934
451
845
435
49
465
541
437
324
973
687
169
911
420
128
768
499
737
360
297
326
23
844
955
288
184
988
448
40
510
535
433
982
489
459
818
908
926
775
715
504
331
673
722
406
440
628
792
466
377
78
752
608
257
733
703
685
902
663
576
500
694
604
198
283
602
118
606
85
50
621
699
924
815
932
797
339
12
162
753
977
3
120
99
401
365
17
978
359
426
959
930
493
154
561
553
125
626
138
841
837
366
101
287
802
15
618
738
356
44
872
946
400
357
471
867
939
280
689
609
38
828
669
174
502
670
441
405
153
436
956
137
661
447
677
449
453
642
272
914
916
900
884
390
39
962
831
123
613
276
131
312
289
522
349
301
375
974
223
484
473
567
172
188
340
764
140
329
615
895
415
296
284
442
298
975
0
570
239
869
347
443
149
157
573
667
517
901
20
788
90
583
659
675
322
371
236
53
757
679
862
476
695
43
95
199
495
526
713
537
79
258
542
536
410
793
530
566
388
579
990
827
186
7
874
544
25
247
94
776
260
293
491
461
303
271
208
702
385
215
538
751
232
88
640
555
981
389
203
524
888
378
941
657
835
5
742
646
248
635
723
2
156
353
942
480
740
281
912
650
425
483
345
603
119
700
458
368
514
513
341
718
195
477
487
501
294
890
540
160
59
692
19
166
921
112
971
77
925
244
557
706
660
100
212
292
295
191
814
93
485
173
367
241
445
598
512
430
266
767
863
708
452
48
645
355
589
429
747
600
721
614
947
354
766
528
739
163
780
348
462
234
230
591
1000
927
392
755
439
225
97
197
558
819
41
883
889
338
503
804
9
330
674
868
432
196
387
758
70
472
893
671
242
593
592
727
1
171
403
871
286
730
469
189
165
66
285
450
396
855
951
393
520
664
647
136
336
676
310
986
84
69
897
207
235
834
419
92
527
649
880
474
456
787
183
309
46
482
27
907
720
569
865
590
1001
861
564
323
913
857
431
335
945
417
237
633
729
152
110
455
231
316
587
624
145
648
881
754
488
399
202
418
508
636
543
808
596
672
736
