942
919
309
197
215
693
39
867
459
918
851
101
668
233
804
807
864
985
946
706
202
419
407
24
576
515
993
531
84
308
116
291
141
136
891
130
88
144
157
665
568
860
574
343
259
967
644
952
613
200
342
514
803
934
21
261
638
617
388
266
824
896
250
677
569
455
591
222
491
44
790
325
532
813
890
99
4
901
754
670
769
625
878
831
398
386
853
346
614
966
26
265
573
13
96
363
287
438
861
358
941
74
782
691
415
632
453
615
512
440
314
641
359
55
535
95
255
905
650
163
598
240
996
111
147
187
482
522
467
528
383
190
672
496
494
826
602
217
121
692
124
874
33
373
808
28
676
46
640
709
832
468
969
437
486
115
669
25
822
883
354
612
728
956
642
994
161
355
427
65
578
81
445
974
609
753
418
608
923
998
758
913
444
474
888
371
448
488
364
628
766
689
836
53
900
801
131
687
800
936
315
376
150
154
845
186
249
526
226
171
962
485
819
320
696
306
666
385
235
751
931
17
674
870
148
814
127
229
93
298
311
877
292
423
404
365
156
158
71
713
465
324
850
194
1000
169
920
223
469
89
397
285
802
960
481
545
828
795
484
567
209
475
35
82
639
527
79
234
581
72
178
979
973
199
14
566
403
119
125
426
258
715
239
618
508
784
196
536
917
785
516
120
988
961
347
401
454
712
173
274
789
179
70
487
579
509
620
592
793
441
629
619
756
825
554
375
503
352
506
256
395
912
41
798
688
338
719
177
146
420
447
583
926
652
433
92
242
489
198
911
479
559
284
906
424
982
770
277
958
738
254
623
930
428
762
139
809
846
300
283
924
502
732
849
921
841
935
746
264
550
251
621
126
268
23
492
837
188
135
337
80
582
332
504
128
840
855
206
316
607
278
944
761
605
243
564
794
1
710
341
368
744
213
797
786
333
77
882
335
129
313
953
204
227
289
387
170
810
675
330
75
86
997
137
806
975
396
384
899
862
995
473
774
978
636
767
221
627
667
702
370
409
464
391
749
893
498
551
67
546
340
61
192
724
360
871
992
276
847
476
764
184
856
743
690
654
820
472
183
301
238
304
742
470
58
140
322
662
134
557
49
725
839
682
290
705
634
914
390
694
534
943
763
593
590
816
312
533
658
392
165
9
51
580
1001
237
907
185
303
280
648
647
439
686
231
408
678
604
64
457
704
989
540
645
939
8
257
927
948
334
594
214
622
271
490
561
353
859
835
858
957
293
480
281
414
429
537
635
595
501
737
950
267
431
113
394
326
679
510
167
87
783
910
875
110
507
345
759
98
818
872
174
902
949
43
525
815
929
499
990
421
460
357
707
529
980
556
382
189
30
500
538
247
539
656
585
402
895
897
879
830
729
768
180
524
105
653
541
220
172
904
228
5
273
587
449
544
151
616
575
633
908
548
865
771
7
379
155
288
513
361
792
377
703
461
425
971
838
32
62
201
297
521
108
517
663
857
45
2
597
791
162
321
323
520
305
915
493
817
733
829
413
160
348
542
112
399
721
389
104
880
193
589
844
378
984
757
225
422
367
270
684
947
52
852
11
643
745
182
350
497
747
562
462
868
181
56
714
970
987
54
972
965
588
410
327
0
38
269
555
16
50
811
881
730
411
145
903
586
191
18
986
34
432
406
152
349
731
889
863
951
319
369
434
117
848
236
727
549
430
657
968
477
114
711
458
558
963
637
495
600
294
253
248
471
909
660
708
91
940
843
750
563
630
286
681
740
596
19
760
12
685
827
884
356
246
344
898
701
983
778
149
933
362
164
412
765
722
224
106
212
651
869
726
734
85
230
102
416
955
649
31
245
275
547
530
97
40
584
260
446
873
329
83
599
299
66
69
132
109
366
922
571
699
68
796
624
123
153
3
886
48
655
570
307
799
456
523
511
683
925
103
552
565
981
317
755
27
73
543
42
659
374
671
876
336
610
964
22
560
887
435
697
572
717
601
780
478
720
821
219
166
452
78
833
553
142
232
405
976
76
752
661
673
100
443
741
451
700
176
977
773
211
954
296
866
210
505
295
36
10
393
775
