902
178
151
88
255
842
966
737
338
52
870
533
1002
787
15
600
568
77
107
952
922
955
32
342
16
131
252
201
317
967
784
109
939
762
448
664
135
430
893
938
478
105
541
648
253
861
625
11
422
267
623
288
639
841
72
732
514
358
776
592
155
29
449
250
505
847
751
574
387
95
311
66
846
892
106
384
41
965
661
997
262
258
706
691
283
355
603
460
907
268
166
10
308
758
435
560
439
614
935
675
628
348
909
296
719
953
860
192
69
471
805
321
209
678
457
282
141
819
167
111
996
765
263
104
496
372
990
770
497
827
50
408
971
931
680
716
871
5
78
176
550
357
538
73
163
425
733
138
349
298
100
345
570
441
506
822
975
633
21
588
208
631
13
891
673
852
450
404
740
361
589
536
265
119
583
363
181
299
551
905
122
216
71
217
791
890
651
220
142
223
206
943
153
774
53
431
414
624
8
880
968
480
850
324
580
212
641
837
984
205
97
137
90
578
795
477
851
294
865
468
313
658
402
341
273
38
19
479
957
256
546
351
619
911
389
806
513
270
132
980
305
835
128
744
908
235
185
992
735
30
829
110
382
279
31
39
810
367
113
653
700
6
482
369
428
114
764
989
301
287
877
537
704
75
214
191
20
682
325
42
954
407
728
654
399
452
51
879
424
747
748
420
613
272
739
543
34
330
868
92
655
717
33
950
999
397
350
281
569
553
89
813
936
183
241
405
251
501
697
804
463
609
579
470
49
650
945
544
243
383
411
386
831
866
7
393
240
972
725
189
914
671
621
904
421
622
918
275
156
838
63
494
44
759
157
226
302
769
983
659
169
498
168
775
1000
899
257
434
79
4
690
80
692
897
228
319
608
465
711
830
962
417
239
882
693
934
2
825
638
194
928
526
502
561
643
797
618
458
261
726
197
179
708
196
948
148
26
942
451
447
260
103
698
832
786
193
695
495
845
746
182
773
900
951
329
473
766
401
601
374
815
510
529
365
504
817
917
783
668
409
82
202
96
432
511
778
221
164
876
244
237
343
839
125
857
304
322
988
507
426
694
340
874
730
818
970
331
562
353
828
187
593
531
858
1
126
872
724
913
108
709
14
254
22
388
150
492
978
927
849
869
977
816
352
175
186
630
604
699
734
291
782
701
500
612
566
380
985
165
376
979
715
427
896
360
674
677
606
557
947
144
98
801
12
814
763
646
727
617
750
718
403
316
285
134
961
720
84
637
974
289
462
993
238
824
488
476
368
276
802
149
91
949
344
456
685
760
115
444
867
856
337
9
772
224
755
573
184
280
230
264
586
572
443
565
863
576
211
823
722
649
657
219
591
959
76
466
85
532
794
55
516
170
853
390
59
359
231
738
627
684
440
395
242
742
754
284
392
290
60
555
607
736
86
229
307
864
930
969
552
820
946
120
274
919
172
590
605
218
438
886
481
101
926
400
665
987
599
277
753
371
912
364
385
803
25
741
278
585
656
821
887
146
379
903
455
459
461
396
493
152
632
527
994
312
768
160
517
133
269
862
328
472
937
246
416
645
162
56
147
620
195
800
777
679
271
689
3
584
707
112
45
116
644
898
944
173
454
640
785
233
47
259
154
375
885
333
174
222
812
941
518
99
127
761
743
512
139
491
318
74
410
40
204
436
58
676
190
297
811
749
757
68
453
373
215
377
0
973
539
117
464
124
61
779
418
901
64
731
508
378
547
767
266
234
332
564
859
995
635
960
581
807
136
688
780
67
895
826
433
615
894
713
916
245
249
910
789
467
976
381
790
889
958
616
87
347
300
963
57
445
540
159
335
567
571
667
83
394
413
563
17
326
687
906
924
596
554
94
556
309
836
610
723
315
686
756
884
24
487
102
490
354
542
415
199
577
705
336
662
248
327
81
873
888
474
799
696
412
140
721
227
391
792
475
530
781
982
702
660
575
652
489
991
43
634
323
188
35
921
27
925
18
629
883
681
486
875
878
745
710
771
509
855
703
881
483
303
809
419
729
213
647
484
923
48
752
499
180
469
854
520
521
843
207
558
549
320
310
626
929
210
23
