643
617
595
194
389
350
492
924
991
330
380
845
584
508
272
475
125
632
688
998
655
329
158
923
174
929
347
602
744
691
49
704
381
521
431
893
814
603
246
679
196
902
949
670
863
231
967
368
285
241
721
903
429
884
163
435
701
656
555
881
958
145
576
558
91
906
38
856
723
173
96
910
101
113
746
594
258
768
799
367
804
847
759
197
826
473
552
518
72
719
467
641
762
417
689
933
201
408
797
616
661
796
975
102
901
352
550
671
372
851
732
698
829
607
500
951
630
420
914
269
245
64
654
621
982
93
411
934
559
953
758
600
81
128
563
778
517
848
280
896
424
708
292
681
393
253
818
519
230
44
421
685
132
427
67
456
761
611
766
62
464
277
463
870
63
441
284
915
618
946
786
386
271
869
700
1
254
0
385
262
522
994
860
694
650
27
65
298
410
307
416
918
282
789
606
466
894
676
752
740
400
580
359
208
13
31
981
217
43
172
908
819
430
362
696
748
134
535
109
852
312
338
809
54
457
399
544
202
955
300
294
880
209
458
419
183
154
779
872
773
423
18
252
353
831
484
224
78
907
144
800
513
690
449
647
943
675
306
614
440
86
728
55
41
644
225
489
493
308
36
591
317
22
328
536
917
742
956
892
266
995
165
979
811
169
71
733
553
503
48
29
124
729
438
275
30
879
578
1001
833
491
531
205
469
874
653
813
709
160
989
465
195
327
365
349
755
264
770
251
890
119
638
185
106
84
226
665
61
157
110
930
964
111
351
82
152
900
944
200
19
868
345
388
777
735
392
35
51
601
100
528
234
753
149
593
311
673
167
885
718
104
339
680
599
843
360
24
771
577
434
181
481
437
320
256
76
861
412
97
631
840
123
830
582
455
259
968
802
579
731
257
118
249
990
236
798
782
976
774
645
815
667
927
45
790
775
485
244
482
450
395
447
857
135
722
177
405
211
640
570
871
987
141
697
963
920
334
21
509
972
820
313
585
792
4
540
832
387
340
439
316
79
179
227
207
551
730
564
486
598
131
637
763
409
941
973
326
414
587
309
581
608
724
664
864
77
837
168
971
52
319
801
862
146
122
658
287
844
39
532
592
596
523
512
886
40
75
355
418
962
448
865
839
992
377
853
442
390
526
652
232
28
117
668
150
192
321
92
445
986
702
371
985
406
713
794
171
783
191
674
188
15
957
357
166
159
567
686
620
57
426
332
806
836
112
612
609
687
446
597
46
290
85
977
828
942
749
997
899
17
477
187
717
331
516
527
948
23
369
335
572
897
741
161
286
460
983
530
805
764
919
11
506
788
203
398
443
803
891
750
787
218
537
337
433
344
624
470
575
69
80
524
148
495
757
162
488
793
810
646
932
496
237
105
548
354
822
889
566
756
310
825
325
210
343
278
988
34
370
628
9
56
129
834
649
571
214
627
666
743
20
444
283
358
635
127
520
573
247
260
107
636
239
898
913
415
315
507
712
240
451
299
905
212
677
139
178
888
922
397
855
422
780
487
954
42
348
672
33
120
817
490
562
383
32
14
678
873
242
180
2
838
428
588
66
229
7
605
715
965
1002
219
706
937
250
714
501
291
136
784
514
99
926
720
904
669
866
142
747
184
547
216
935
164
538
812
769
882
960
293
939
716
883
480
751
462
849
499
846
342
525
887
274
74
877
341
3
407
916
996
221
589
703
190
413
384
827
198
228
699
98
16
268
391
736
94
276
108
619
727
510
854
288
754
453
478
68
297
436
662
657
155
366
625
87
497
130
659
333
281
59
940
83
604
50
147
222
684
114
115
858
468
867
1000
235
296
623
10
472
726
233
204
633
574
505
273
692
37
878
378
267
116
6
841
931
138
143
511
121
795
682
89
615
95
153
151
279
504
322
542
816
379
925
569
189
170
363
382
738
8
549
529
206
461
454
396
876
474
73
950
642
543
970
47
921
373
137
176
945
304
835
476
936
255
88
586
314
213
539
126
534
175
613
90
978
515
53
545
356
133
186
693
554
483
376
305
711
5
193
561
660
452
223
546
590
459
984
238
999
850
651
961
243
