96
371
537
831
630
510
578
501
346
901
785
812
247
570
429
908
886
935
86
1000
250
73
726
682
944
177
620
426
167
828
786
184
787
741
389
17
226
154
756
203
888
803
476
879
317
355
639
105
656
686
516
717
893
830
737
265
50
748
116
701
524
945
304
525
37
192
400
758
882
407
491
928
69
657
165
633
814
369
588
550
120
1
266
41
684
106
178
497
733
16
413
0
854
860
72
294
770
414
898
664
423
296
992
169
586
577
565
252
388
498
13
162
305
978
172
460
690
651
276
771
927
573
826
712
196
884
298
216
246
322
147
597
933
56
31
932
589
275
557
575
526
903
528
595
955
454
948
746
806
60
434
408
274
270
567
36
23
323
870
397
225
151
989
559
950
881
954
153
420
610
562
488
183
392
168
447
910
228
775
911
607
321
974
844
145
254
993
27
348
354
523
781
996
749
676
297
48
740
240
691
35
300
46
345
678
975
513
923
439
422
662
873
387
258
425
299
767
95
80
608
190
108
877
338
761
213
951
553
625
777
70
969
368
697
638
409
606
381
773
859
193
102
295
981
138
918
363
65
500
123
134
131
391
721
755
360
182
695
835
311
217
219
825
906
319
723
1002
282
563
508
795
118
765
708
499
613
979
18
451
446
335
946
554
991
248
132
481
24
333
350
973
458
709
503
245
329
997
343
689
218
288
847
984
834
20
626
715
536
205
112
394
7
892
671
314
615
161
351
861
517
842
464
850
602
185
875
412
994
170
977
596
915
117
129
433
376
199
747
864
135
455
445
159
543
251
960
173
83
99
569
907
846
783
734
619
677
902
713
848
326
229
200
453
913
732
279
187
308
764
307
623
328
421
614
358
540
729
949
306
406
924
980
89
468
670
100
514
792
28
133
702
552
209
312
472
237
40
609
788
987
324
511
140
232
947
618
571
201
77
417
91
301
871
601
9
509
230
635
659
12
470
561
462
249
236
263
900
51
290
386
141
768
289
121
490
273
448
98
680
283
361
934
725
97
824
541
988
800
687
660
519
897
665
710
700
832
530
175
114
793
79
624
930
150
43
956
85
234
920
652
332
418
342
119
130
548
512
655
739
189
653
144
698
817
774
681
438
463
855
262
30
867
163
410
215
493
257
160
487
507
115
990
778
594
94
39
823
745
887
66
473
42
953
593
469
489
166
555
291
782
45
84
33
716
718
895
727
669
942
359
696
572
558
198
11
604
634
372
411
880
605
904
917
868
940
211
941
399
521
393
471
929
2
101
208
188
693
797
750
661
853
382
331
744
171
239
939
143
255
310
801
810
668
815
478
673
293
92
916
375
379
22
383
937
999
542
122
564
93
522
816
753
819
899
244
936
111
125
456
25
370
164
616
627
271
81
55
202
839
658
29
67
103
390
3
611
535
938
340
352
179
227
483
378
845
857
798
241
829
443
759
583
449
799
373
961
719
362
416
367
176
269
212
637
998
650
754
88
347
450
925
180
591
968
971
675
380
256
926
841
692
206
224
214
432
843
849
645
436
851
302
303
148
931
983
790
779
872
985
720
648
442
267
840
155
674
852
197
549
976
752
82
641
68
551
527
315
124
127
292
683
320
238
885
865
428
952
441
395
780
492
243
47
982
649
766
772
139
49
377
699
110
415
485
264
813
430
181
529
337
149
863
186
14
242
502
751
260
465
579
6
722
152
385
909
636
672
809
404
966
435
396
972
357
223
158
598
21
520
309
419
646
482
856
19
61
136
760
313
220
52
822
504
284
44
858
330
484
128
538
204
325
34
621
146
959
807
57
344
515
76
592
461
964
437
544
796
285
547
962
667
479
59
1001
878
494
763
921
731
967
459
663
401
32
836
272
480
738
581
78
963
286
259
883
54
466
402
922
762
457
533
318
71
743
735
784
629
191
53
679
804
405
919
157
195
631
600
694
821
556
210
640
5
107
87
632
539
580
531
75
647
827
802
4
366
643
912
965
837
8
496
862
268
869
603
58
156
126
63
427
356
599
943
74
444
730
384
590
789
104
769
334
365
894
486
617
440
905
958
506
15
707
587
