27
816
456
719
36
397
229
254
579
55
464
604
963
855
9
728
163
329
701
41
762
667
95
50
860
780
568
889
825
675
242
309
24
736
541
703
898
113
166
193
7
524
591
672
440
223
458
638
920
715
453
67
887
621
173
353
664
495
391
982
585
243
478
657
179
25
412
482
942
3
549
336
470
566
811
438
669
526
162
641
658
608
491
654
452
739
874
980
950
777
842
287
481
948
530
188
252
392
423
13
58
307
930
221
29
46
790
844
136
884
680
499
164
319
534
361
861
695
647
419
789
393
668
158
388
237
21
62
426
38
311
528
277
115
856
148
770
315
289
152
828
791
792
821
228
312
77
222
769
540
121
953
853
927
720
536
119
732
761
111
71
198
81
961
421
624
469
70
401
11
515
537
351
449
313
141
91
220
578
896
320
992
840
827
341
574
275
378
564
544
589
729
455
489
871
339
457
600
665
996
529
244
876
905
932
327
227
835
236
150
97
723
750
727
919
997
153
797
822
512
443
4
139
620
118
48
31
381
651
509
371
418
358
570
782
270
857
322
681
490
937
550
100
656
257
502
90
485
626
709
15
973
718
946
867
202
636
389
730
747
477
123
976
199
583
972
561
23
900
755
43
609
986
411
854
819
479
425
810
76
993
721
284
643
754
47
225
396
263
605
872
934
1
434
299
662
580
99
269
345
988
734
548
422
628
354
424
212
232
414
334
704
364
206
676
577
149
748
817
195
773
157
403
196
960
679
731
394
472
832
266
994
114
323
602
124
630
818
105
873
830
613
399
852
26
607
44
300
126
596
885
805
793
2
331
735
182
923
498
505
143
955
632
634
967
987
272
922
318
52
49
460
618
451
379
216
944
171
395
682
73
812
338
374
538
650
260
281
597
951
413
130
321
713
527
749
204
291
197
506
508
606
83
332
159
253
37
601
89
127
814
848
833
686
407
205
655
700
712
743
432
659
337
184
588
135
86
268
428
796
999
576
813
245
933
178
109
75
249
687
918
503
802
742
838
92
16
500
893
722
924
644
917
849
899
520
146
110
759
660
965
653
102
543
573
398
784
187
85
278
290
190
746
966
623
264
122
230
560
890
22
375
1002
764
696
292
610
501
172
767
12
480
572
386
841
978
714
400
523
558
463
969
768
88
877
738
553
864
612
929
772
235
363
556
622
587
168
646
981
733
279
437
866
882
183
941
925
465
409
737
74
846
408
362
208
492
189
752
59
211
517
240
32
699
824
30
286
991
525
507
170
439
783
134
863
33
35
692
176
61
834
886
261
938
140
945
627
740
142
497
14
567
711
10
429
952
689
518
598
420
40
539
79
760
678
902
350
661
213
18
831
238
635
666
486
619
226
294
283
799
897
519
80
870
466
545
487
56
214
913
326
912
892
688
511
903
771
879
370
241
935
717
387
956
845
1000
522
306
563
450
459
575
906
347
108
57
690
267
974
865
642
233
54
708
271
684
94
177
975
45
174
744
376
977
368
911
69
1001
592
103
551
880
603
60
781
995
390
342
82
904
297
484
645
532
8
869
493
775
28
931
962
372
120
837
53
6
234
843
907
710
112
766
169
210
64
280
84
282
616
614
552
201
175
273
895
633
677
698
248
670
631
949
801
559
138
652
691
970
132
648
985
20
431
823
851
940
674
160
475
203
683
829
382
555
219
565
161
968
180
808
156
441
881
611
447
496
990
702
581
19
144
639
535
663
194
215
984
847
349
383
637
98
557
101
862
359
406
467
531
936
788
820
868
416
304
186
34
998
305
562
128
42
916
137
943
68
914
571
915
435
302
595
629
599
488
285
625
468
185
959
316
107
328
909
333
859
218
65
474
815
971
894
66
554
640
154
317
454
308
756
181
926
751
133
348
901
288
533
757
165
798
983
806
209
250
964
325
778
356
547
51
104
765
795
436
461
807
850
779
5
192
878
256
131
725
310
546
745
446
776
826
346
293
693
430
908
476
367
129
979
298
125
433
705
836
649
958
324
939
726
147
360
344
594
809
301
707
96
483
448
314
875
207
445
87
787
365
947
343
247
891
582
794
