827
651
871
748
77
941
375
261
322
975
92
294
688
26
556
127
358
212
421
258
466
862
516
169
231
879
483
728
545
546
222
898
107
332
896
904
178
562
662
848
175
530
423
561
339
591
223
872
878
425
422
356
335
371
448
999
142
284
214
168
603
34
793
749
306
291
311
263
579
316
204
858
480
517
837
578
781
59
729
283
916
135
809
467
318
754
991
644
745
167
342
146
940
313
471
400
1000
646
302
389
936
211
558
11
484
685
929
83
247
10
581
190
206
547
732
608
583
244
819
35
523
552
28
967
718
981
630
475
803
252
942
822
831
892
463
396
633
27
962
701
262
493
479
750
852
740
763
439
310
331
910
563
61
782
973
555
240
839
383
8
65
490
922
528
124
363
160
867
52
405
270
53
93
273
468
282
722
938
452
393
919
616
158
148
647
775
585
477
123
176
104
542
529
700
679
288
734
833
180
504
232
821
395
501
900
15
361
587
998
67
709
333
419
726
420
279
584
911
983
957
254
272
280
412
319
758
372
267
724
527
367
600
276
756
737
237
549
145
308
511
46
773
739
560
440
29
702
459
185
376
712
87
639
183
609
75
242
88
687
939
128
933
353
390
972
17
774
805
431
317
300
116
119
586
450
736
129
890
478
485
628
969
908
344
6
413
743
631
221
326
99
486
399
445
533
43
572
573
465
765
217
602
932
18
402
112
886
520
234
629
281
801
799
806
374
21
657
328
141
677
811
689
1002
974
660
436
928
742
519
638
604
63
674
590
766
368
218
38
693
391
681
768
334
220
634
778
924
275
667
101
110
327
619
989
39
207
525
553
476
826
51
859
620
505
292
894
149
446
880
151
582
854
125
777
76
19
567
196
760
607
394
257
1
539
324
460
159
548
249
108
341
755
179
625
594
427
91
532
45
524
663
570
120
606
840
309
366
884
32
514
225
497
138
264
943
838
641
738
315
925
510
958
40
330
830
219
299
50
627
259
785
4
676
945
815
438
495
106
16
154
762
388
289
564
482
489
248
611
349
598
703
184
297
964
181
699
500
404
903
705
690
224
130
233
345
666
359
30
675
506
665
2
612
22
673
62
624
198
456
883
424
926
274
290
193
428
824
312
320
94
499
849
707
301
791
747
157
659
930
795
832
42
984
664
239
72
503
788
155
85
955
770
226
907
58
706
20
977
518
432
727
845
764
513
715
599
544
442
802
789
913
912
384
990
823
350
13
965
865
882
182
365
993
3
792
786
33
696
71
757
698
457
721
215
899
652
987
241
577
897
118
496
588
449
433
804
574
117
784
669
794
507
952
902
41
286
779
893
210
835
49
741
269
121
522
874
113
905
948
1001
443
889
864
714
557
323
716
462
202
437
461
914
189
454
825
951
976
191
265
434
31
980
680
68
918
271
637
80
304
397
171
855
416
136
796
589
725
935
997
708
686
355
369
156
857
103
615
96
618
307
868
447
387
407
245
682
731
152
453
278
956
521
14
357
966
382
534
807
139
464
9
164
481
863
866
25
649
658
668
348
887
81
380
820
509
790
960
717
199
843
597
364
648
295
776
535
385
351
906
670
143
836
98
917
74
846
713
645
963
877
0
861
559
150
57
554
704
338
800
733
885
23
950
934
238
194
870
100
122
502
84
541
869
417
229
170
961
978
44
134
834
515
305
314
268
853
472
746
988
759
661
200
753
538
256
494
48
186
723
543
132
551
566
102
813
352
605
12
90
982
474
751
227
403
986
228
140
163
720
111
596
78
842
166
266
656
161
621
325
614
683
410
937
508
636
426
671
876
569
996
458
492
808
691
944
255
131
177
909
203
406
430
469
86
640
296
408
126
362
24
66
192
70
414
927
360
429
816
769
653
435
230
401
954
772
901
571
650
817
216
694
346
337
251
860
54
771
735
783
321
576
441
672
692
379
537
623
174
64
968
812
498
201
613
931
133
470
392
173
386
109
36
253
622
995
744
847
197
550
678
580
115
841
920
985
565
780
992
82
719
730
797
165
153
923
895
970
303
568
381
473
710
243
7
947
818
881
875
593
856
444
354
787
