42
182
283
212
567
863
977
299
333
320
900
165
786
391
627
464
204
593
890
257
507
337
233
302
542
995
297
556
945
874
286
450
957
228
853
829
422
357
871
148
387
394
783
920
555
770
298
60
664
349
946
449
691
258
10
308
174
911
551
231
806
777
341
828
576
831
568
778
325
72
566
704
969
984
154
370
441
757
323
183
759
50
346
491
876
101
549
24
935
248
524
62
429
504
805
603
662
434
596
503
125
846
501
961
159
772
177
138
5
934
424
300
907
572
47
324
124
582
800
484
222
163
310
647
515
410
322
902
447
348
605
489
574
602
645
951
433
540
635
305
949
34
121
644
722
894
868
990
513
465
112
46
692
552
37
243
541
21
272
4
538
427
483
66
11
756
738
938
588
696
317
291
796
573
278
657
914
749
314
663
193
931
9
955
473
788
285
386
366
897
558
486
597
494
685
669
530
976
162
240
206
67
232
352
835
372
781
879
68
14
994
0
937
716
380
90
327
336
849
401
157
442
156
754
941
850
527
455
745
20
634
554
712
382
419
962
319
765
610
359
238
544
818
230
318
575
898
384
169
276
659
260
54
904
982
440
736
855
562
164
956
656
910
7
764
1000
926
26
705
108
529
15
583
78
822
98
270
3
642
718
775
974
209
389
866
721
747
167
536
263
388
398
71
999
520
208
885
891
214
130
103
152
784
585
178
791
252
49
580
545
668
44
873
266
998
102
600
226
821
218
834
93
780
792
985
136
667
872
919
133
25
675
496
882
992
726
996
682
884
274
223
82
694
377
735
70
150
190
110
76
144
94
413
292
6
416
808
470
411
145
81
655
724
137
219
439
677
565
626
250
87
360
947
358
693
686
139
109
991
363
836
548
432
618
606
758
942
965
867
381
338
820
203
400
883
703
197
809
65
480
594
651
405
637
16
38
119
528
246
660
636
993
933
227
13
973
365
589
30
804
343
459
912
807
740
57
746
666
590
215
379
273
803
179
95
690
160
499
99
244
80
601
335
680
819
332
40
151
609
471
751
954
146
516
224
577
899
19
870
779
508
192
63
632
896
12
200
225
608
719
100
559
569
734
940
495
773
856
256
670
793
229
17
161
517
188
198
715
983
737
744
313
196
173
707
971
315
591
184
755
968
579
972
802
598
269
924
592
512
725
639
91
417
729
553
646
988
331
73
989
153
531
330
733
958
32
706
350
472
369
648
414
383
374
790
908
714
599
221
362
812
117
264
48
838
785
356
88
661
172
56
155
909
355
810
116
665
241
927
640
361
436
509
683
604
967
798
431
652
720
986
83
841
502
699
741
287
407
134
510
717
816
143
211
404
950
521
476
199
247
943
997
571
827
638
347
564
28
249
801
135
826
74
861
281
901
761
123
408
265
304
839
823
546
329
114
623
953
789
353
452
107
813
875
120
732
364
461
8
132
620
795
1002
847
731
23
189
303
478
698
446
141
628
672
641
629
570
684
710
881
964
444
500
979
474
824
987
739
832
709
296
689
55
115
237
842
340
106
532
860
462
301
815
526
560
36
482
255
475
681
830
86
923
403
857
978
505
760
485
187
865
523
864
766
859
952
104
423
51
128
799
851
595
814
344
180
848
916
77
236
282
936
869
448
768
727
862
147
39
932
122
205
293
584
607
420
767
415
166
752
294
625
687
506
85
251
280
563
708
418
185
678
688
89
105
925
880
782
905
457
284
454
468
43
930
390
127
113
149
981
397
534
547
844
771
445
453
334
877
393
921
723
175
41
753
743
490
22
975
443
586
271
518
811
409
616
261
578
622
371
630
194
550
776
762
653
621
633
368
889
213
906
64
45
18
774
619
339
75
895
543
216
948
479
31
168
430
888
658
97
887
295
980
631
700
460
892
111
845
288
787
1001
497
679
817
769
742
966
797
58
35
234
279
858
840
267
275
1
615
351
458
488
728
649
713
673
210
671
425
69
438
254
451
79
561
140
929
191
711
311
763
674
928
492
537
612
918
959
624
519
437
402
96
321
385
118
262
84
259
171
587
367
469
277
220
481
306
837
375
886
843
202
498
