1092
2401
2843
1424
1773
718
1960
3579
2080
2706
470
2721
3507
3537
3136
2760
3120
363
497
3872
2952
328
106
1020
2011
2896
284
3707
3748
2428
3200
183
1694
3400
3477
286
1991
3593
3495
2217
1983
3824
1716
141
1826
2273
3663
3064
969
3185
511
1360
2200
506
3433
849
1857
2424
3913
2229
973
165
748
545
1435
914
3636
1722
3148
156
1247
1063
264
2887
3703
3011
578
2171
2152
2430
3163
2497
2960
866
815
695
1115
2826
1223
1993
1094
3695
2395
3422
2462
1468
1578
1380
1925
3072
263
3826
647
287
2586
770
2059
1863
3795
83
2666
541
331
840
2761
109
2203
878
1458
519
3523
540
1810
2577
1949
595
1068
231
977
3437
71
1754
2444
1050
2889
2635
754
2290
3874
1277
2980
205
3063
1523
948
1671
1698
2347
2019
1366
2825
3830
2061
525
3647
2471
6
776
1434
3682
1327
3871
24
1833
3657
602
3184
1403
259
3714
307
788
836
1766
742
2194
2738
158
2854
3298
1836
2270
3203
3883
1211
2404
2788
1111
1023
3521
2813
3770
3431
741
46
3910
1505
2257
3100
1112
1734
2157
1016
3562
1862
2002
3502
2946
321
1487
2285
330
592
1768
3508
1425
1604
1027
3199
2791
69
1677
2093
650
2063
3767
1739
3254
2754
1286
1343
3470
2493
1410
1432
2803
1877
3182
2345
2725
625
994
999
82
1387
3248
1576
1039
1714
3907
204
3653
2574
2836
2968
503
932
1663
1109
2426
3835
2492
32
2523
374
3235
800
2163
2313
1231
2385
2569
3030
3318
3157
1666
1793
2848
794
466
1807
1143
375
3525
235
2355
648
1815
1449
3476
886
2776
1240
115
2278
417
965
2893
3629
1610
2067
804
864
1662
2510
242
1388
500
453
460
3287
3520
2370
3504
590
1502
1633
2107
1731
93
2369
687
670
3408
3728
3150
1514
3164
3429
3191
675
2549
2175
3897
1210
1159
908
1665
2735
26
2897
3654
3461
118
3759
1503
2538
3877
3347
3162
682
1075
984
1239
1183
2545
1886
1151
420
3480
252
995
1209
832
764
2649
1746
1781
1915
2930
2901
885
3046
783
2015
2168
3882
583
1004
2386
1964
1864
2874
353
2072
1885
3017
1338
726
1411
3252
1362
63
2094
1067
3828
2748
1202
2503
1644
820
1552
2840
2964
2337
290
613
407
1184
533
2289
2981
505
1486
317
1117
3397
938
1433
688
1355
693
3905
3587
3405
9
1007
3257
217
954
2486
155
3305
496
3394
4
73
3190
3635
3028
808
1759
828
3552
3727
551
2655
1565
1518
1607
2986
124
1217
3392
3456
2818
2712
766
2478
1985
1981
2517
3074
3002
735
3611
3888
3273
3077
2579
2236
3336
1300
3369
1969
2202
1963
3302
2947
77
1765
2953
76
377
2451
269
3732
3637
532
2931
1164
1324
72
2518
2861
2223
2816
1019
3223
1655
3660
1160
3548
2050
2301
2944
3304
3105
673
97
3069
3094
3076
2302
2943
1801
153
1705
3407
858
654
1213
3279
2352
3510
339
897
1742
2601
3833
1085
319
1632
2656
361
1968
2624
1357
2394
3110
910
606
737
2576
135
2314
502
3873
523
2414
3624
3614
603
1281
2075
968
929
1696
2722
3708
3755
2156
127
3010
2729
3782
2468
1320
1507
108
413
758
2091
2247
560
898
1525
2269
1076
767
2054
2322
813
918
1046
747
959
811
1226
1988
2434
2340
823
2449
2581
2349
3531
3580
3322
1953
3528
1776
3083
1013
2242
3740
2505
2189
2309
3158
427
1150
471
2328
1251
704
433
1770
2196
3025
1057
3481
2551
1005
2438
574
3275
482
3156
3380
1225
1976
1873
743
1989
64
3040
821
2265
107
960
3578
1806
2622
2902
3685
3451
1266
35
3499
2750
1477
2830
1254
320
481
406
3846
3187
1289
245
2692
372
652
1813
29
2407
2
2719
208
3140
1569
1001
1414
989
1736
1872
3458
1451
467
110
1242
2373
598
310
3844
3118
3662
962
313
636
3802
1409
2595
882
1690
281
316
3852
3173
1056
1178
850
402
1556
3661
786
3645
2808
3256
1848
3600
1070
3778
1419
1846
2552
1022
3457
705
2007
3734
2997
1611
450
53
2374
2593
48
2169
1606
3054
2338
1412
2950
2104
2988
3700
185
399
646
720
226
3387
573
585
3413
437
1348
2571
1882
2317
931
3221
2368
618
3890
2714
220
3454
2115
877
1693
1880
2833
1415
1683
3753
439
288
247
1182
1079
1623
2676
1995
833
1613
3527
599
2674
750
2262
892
1639
1737
1467
1805
3202
2537
1148
1724
43
667
2669
196
2419
3677
701
2092
980
2880
1124
2306
2550
1748
2358
2857
3103
556
2745
1896
3764
1368
143
3337
795
797
2392
238
1536
3512
422
2180
2782
3165
2917
1052
3406
761
2728
2020
315
3626
1994
2534
3084
61
3245
212
2819
903
2641
1330
2883
1580
3776
3284
993
1821
1513
1763
3342
2082
3092
1869
324
211
3271
3364
1339
1790
663
2941
3102
1201
581
2532
3766
2000
3462
3376
2942
1897
1180
49
2160
530
2932
3091
3724
2713
3455
3036
2215
733
1287
1199
3915
3706
3553
1137
2999
1121
3075
3823
645
1948
3538
1587
334
2650
1034
2955
1416
2443
2636
2881
2605
651
3306
2908
1154
86
3050
5
739
626
1301
3418
1519
3757
2872
2034
1619
3411
3019
1461
1894
1640
1906
1845
160
727
1049
1924
3666
3300
3033
1316
1717
2064
736
2403
3382
2697
3365
2282
3278
2578
209
3311
3656
2604
2170
2727
1298
3228
2158
3769
475
575
3780
1535
479
1249
2733
1176
762
1563
642
3343
2178
2664
1447
902
360
15
1436
942
3784
391
805
380
1913
1787
1273
738
3354
3912
465
1597
139
2275
10
3244
207
1879
3309
1041
2149
1116
2348
3078
3901
181
724
3615
1527
186
85
394
2475
3777
3605
1354
3494
434
846
3323
1547
1762
1582
1236
2253
2612
1169
3312
3213
2730
686
1394
3867
3686
2267
1750
2461
867
2225
2619
1066
847
653
676
2143
352
3195
539
1361
3427
2936
1792
302
1382
2685
3853
3796
657
3536
1318
2076
2640
1955
492
1363
1625
415
2845
11
752
3814
366
3847
3403
2212
2677
549
2648
498
1938
570
2315
241
2138
2274
1341
3723
1919
1188
128
3446
3355
637
3704
3329
2709
888
1853
1638
184
1676
1413
1074
1352
3467
2865
1890
501
529
1491
200
2533
3607
195
1799
329
387
151
2691
1243
1017
2330
3699
3353
2268
3498
2959
2628
2559
2970
1945
610
713
2644
428
796
368
1542
3627
1168
446
405
2320
2226
1012
3679
1730
454
778
1898
3004
3402
2863
2220
991
2421
1245
1861
661
1166
3721
2377
2985
268
1194
3389
2003
1628
2004
1802
3180
2749
3016
202
792
638
3555
2772
834
662
2465
1018
12
1306
3414
2009
3404
1495
1956
3348
2101
257
1537
1315
1214
1359
2040
1767
620
358
1732
396
431
2073
1156
3038
3893
1253
3385
514
3884
318
791
1093
801
3529
1929
2513
2032
365
1095
3390
843
2894
1538
966
1559
3226
1740
1344
3539
3263
1337
289
2112
3787
3368
2762
640
1524
3447
129
2280
1385
2822
3459
1908
787
308
2530
3027
1837
3758
2197
2201
2705
684
2198
3249
512
1313
2129
1892
2602
3892
2694
1808
3423
3585
1970
132
3313
2364
2035
483
544
2398
3097
2679
571
3803
3217
1758
213
757
236
1257
3438
2871
2021
3093
3908
699
2231
3788
2266
2540
3612
1417
1272
1769
1650
1893
2298
3675
972
74
193
1824
2851
3513
1541
3139
2832
91
2078
2300
568
2799
3062
197
765
469
3149
784
2958
1874
853
689
50
802
1448
2903
2410
774
2522
3172
782
516
3718
2279
3250
1819
2103
2910
1950
1377
3906
2769
627
2481
777
2838
3691
3793
3825
272
1603
2397
1471
3861
1779
3688
2258
3039
3135
2114
1133
951
1296
1706
1212
3479
3178
3373
2708
1823
2600
2796
2344
970
1314
248
1954
1961
3295
440
2293
2744
799
1648
3215
3176
3055
2389
0
3425
2005
459
2973
702
3192
2185
925
2929
2209
3834
1966
2891
3805
1946
447
2165
421
2187
3123
3171
1026
632
2083
282
1326
3227
3895
740
3581
2228
3168
2387
2329
2232
3492
2631
3326
2925
2085
985
2793
3715
1743
824
2484
13
336
837
1134
998
335
1175
2613
2070
3546
1927
355
2281
3485
2623
2689
731
943
2811
3694
445
3220
3241
2458
3222
3843
3475
3003
3678
1311
987
39
1901
1128
190
2979
2621
2536
2515
1418
3023
1903
2362
2511
1980
2173
1617
3114
1408
2983
728
2939
3540
1830
1334
2535
2071
2580
1373
1136
1312
2508
3424
679
1195
2190
1664
2310
1061
708
1764
2584
1499
3762
2732
1138
2607
967
1672
99
2205
457
1636
1884
2609
1866
218
1189
1009
388
3765
1235
2528
1098
1283
1280
2327
2668
3152
2956
2911
1572
915
3006
342
2383
1831
1438
2141
1573
1711
1333
2724
3819
3680
2448
703
1959
1054
934
359
3317
3096
2244
558
3754
3048
1299
3291
3832
2512
3879
2008
2311
1003
1032
3573
240
696
474
95
2441
1575
1631
3572
1398
28
1741
3719
2113
3790
3856
857
452
681
3031
2759
176
890
1060
3155
3296
2757
2794
1605
3862
2460
3822
3509
192
3744
338
1014
3717
3569
369
1389
2888
1530
2445
1342
1197
940
2912
2125
3253
356
983
2798
1585
712
3621
3131
520
911
1827
1496
2521
1865
294
692
1059
3693
255
3597
1474
930
42
2151
917
2516
1172
1091
715
2870
3827
3711
224
94
1255
3891
3541
798
2339
354
552
1440
3841
1356
47
831
844
385
1958
279
2570
223
2937
825
3224
1051
2473
772
2474
1709
1378
1462
2572
260
3067
92
3377
1699
1101
2800
964
1795
1601
1456
2177
2318
1490
2123
624
872
3166
3051
2238
2594
2412
1395
1800
1684
2288
14
1794
790
3143
2747
2790
3086
191
203
381
1118
3650
2146
3147
2219
1186
2608
1618
409
1726
1144
3395
591
2335
1292
861
3043
3331
2626
3761
1282
588
1479
251
3218
3052
567
1230
928
1113
2842
168
3550
3270
2186
228
3460
1040
1336
2606
2642
2514
3705
2183
2563
2378
3314
3089
887
3567
1649
2192
477
253
1818
3672
3034
3320
1680
2839
134
536
2211
1329
371
2442
1069
2564
1423
3798
345
622
306
215
1310
3170
3902
2336
793
547
2717
1322
2084
2695
1627
2684
851
698
87
2305
1798
1237
3333
2068
745
1483
944
2711
1936
3206
3130
3651
3013
3670
346
975
2459
2526
1630
1392
2553
1484
3506
2633
2124
3869
3416
88
1401
1437
1304
941
3208
2483
1340
838
123
30
3384
1364
275
270
721
3549
3134
3471
2436
198
425
3008
3669
404
671
2243
690
835
1596
694
1517
3792
476
644
2673
3267
2976
2105
2276
990
2913
510
1500
2835
1757
3896
2058
1820
2469
1083
59
1756
3889
1942
697
1303
3233
2862
3243
2464
1685
1887
2774
424
3586
2494
21
256
1710
3584
3613
3399
79
1509
2700
38
1127
3594
1803
775
2139
2136
2814
2768
154
3517
594
1594
1834
2409
3878
40
2742
3713
2049
493
1263
3141
485
2164
3811
167
2781
2805
723
2841
725
178
561
1707
2821
2898
3444
1674
2789
1539
634
2831
2027
524
2126
3710
827
612
2272
1782
2446
1691
3443
484
3511
418
148
2155
3214
2259
1267
222
2765
706
1738
1107
237
2806
543
1520
1708
2527
2892
3268
3210
2022
534
3281
3649
2131
239
759
1941
3
3595
584
1246
869
2906
3785
2422
1971
615
596
1262
522
1891
982
1564
2734
2134
1147
3887
1297
1429
2529
22
1307
3639
2284
3396
3251
3894
1045
953
1979
2477
472
1858
2951
1089
633
1548
382
66
3576
3303
3106
3283
3358
3751
639
1218
2182
2764
680
3733
2992
1497
630
3435
1476
1626
1934
2405
1365
2431
1957
1383
1241
2406
244
1910
3234
1024
232
3339
1472
2869
2885
2106
3430
1622
3818
884
2618
2416
67
295
2617
1788
3037
996
3773
3231
608
755
3449
2439
2807
2702
2376
436
1104
3667
1566
3741
101
2771
3049
1615
3007
104
909
2596
367
3265
33
1749
3219
1402
267
933
486
3863
2678
1926
2489
3840
1755
410
389
3044
1506
1162
3533
1302
343
2391
3641
1923
641
1725
1986
3644
3301
2420
112
1469
1335
3344
577
1916
3474
992
2031
1369
957
579
881
1422
2996
2639
1700
1751
2909
2940
65
1443
1875
3188
2372
2681
2375
907
1686
3522
1682
611
1728
1090
3047
2957
3726
2332
3335
2291
685
2751
2907
1328
3448
463
2659
1309
2440
707
2961
3696
845
2634
879
3005
2065
1043
1120
271
2568
2998
2079
921
2784
2653
1284
763
1396
3229
2629
3638
1270
3115
2476
3535
1268
3194
2052
84
830
2088
3362
1376
2454
1464
2133
521
2287
3557
826
1817
2824
672
1856
1000
508
3126
3439
1350
432
1234
2966
1129
3160
142
1482
3589
1086
2110
23
3625
2500
390
45
3122
2172
981
3870
3391
700
709
3381
276
130
3081
2524
1227
1967
2590
1276
1319
666
2090
1405
2371
3378
949
2817
1165
3791
1921
1600
2184
1285
3177
312
258
2573
3866
3702
674
785
1850
1192
2965
1727
2467
2046
1558
116
773
1512
2680
1351
1294
3080
3738
562
19
3330
3886
3836
1224
935
1256
2193
1653
146
344
894
2767
2033
1453
3486
1602
1278
2926
1103
3610
2804
2868
301
1274
2342
3515
3107
1661
1522
1099
2971
3491
873
2367
1445
1557
1142
311
1228
1170
3334
2140
2239
1510
3264
1715
1149
2991
3351
3602
2271
179
1868
1888
2672
280
1426
958
2890
1540
880
2546
1579
1358
229
1551
2585
3009
859
1545
3020
397
563
3371
863
1122
504
956
438
3101
2324
3142
3032
1167
1035
297
2780
814
2334
3900
3516
1735
3237
3547
3582
3133
2380
1171
2321
950
478
1947
1669
1972
3087
669
1492
2017
3236
1832
1430
41
480
1651
3232
1288
3797
1789
3098
2687
1876
283
1173
2795
1181
1703
2116
900
963
3659
3807
1131
2561
1704
182
3452
34
3144
3035
3783
1922
2975
384
1375
3242
175
971
2737
2450
2252
3801
3207
1119
243
1097
2543
2224
1504
3071
587
412
2558
1635
3816
1643
3042
3551
2207
3352
1914
3258
1371
3885
3276
3820
3145
1393
3468
1420
803
3903
2565
2646
2974
2411
1489
2241
3262
1374
2878
955
818
2792
2246
1508
3648
3821
3859
2074
988
121
734
678
1825
1553
3057
1261
2934
2741
1528
293
2918
2354
2995
1935
604
3154
2292
449
1634
2815
2174
2098
3299
3655
210
605
3604
1588
376
3346
1221
3566
1042
716
3571
3599
2837
1978
927
62
2295
1943
1568
3690
3292
756
629
3745
2188
1031
1675
3692
261
2016
1571
1058
3174
526
3588
3428
2047
1473
1044
553
3592
2100
1543
2181
1814
113
1783
3374
586
1990
3722
1193
2010
1829
1470
326
1191
3088
1944
214
2145
273
1847
2399
300
3881
429
997
2480
822
2018
2921
2652
2393
2739
1999
1010
426
274
548
3850
16
2128
924
383
44
3161
1982
219
305
2758
89
2024
1584
3179
2949
1796
2120
922
3876
3683
600
3014
2240
2554
2379
2507
3372
2682
3286
2852
180
173
1883
3117
714
1078
2296
52
812
3230
2056
2167
3112
1346
3436
262
3774
2001
2363
1702
619
2827
3060
2331
60
1087
3316
1812
1323
408
2667
3739
3505
2620
3673
3345
936
1238
1668
2086
3561
2928
1290
1275
2740
3575
1900
3725
2316
1992
1529
8
18
660
147
2982
527
3319
419
2413
3240
3794
2916
145
2452
1761
2479
2260
1752
138
1859
3465
206
2787
2264
3497
1521
3341
2154
2770
1140
1907
1940
2361
1996
225
1712
2216
2615
2914
1697
1391
461
2108
2766
889
3857
1105
3246
2665
3729
3817
906
2592
3616
1609
3854
1733
582
899
1786
2519
559
423
114
1332
852
120
2755
1030
2856
3324
3812
3760
939
448
2023
1258
1998
607
2895
140
854
3421
1895
3375
1
27
664
1384
3749
2297
3361
2993
1459
1670
3045
2235
3750
2210
515
298
1081
3809
3099
3904
730
509
1126
3307
3849
3095
3742
3137
1259
2254
1077
3274
1931
1909
2214
3768
2206
348
3619
2987
2746
2990
2135
2726
3534
3124
2886
2042
2802
1687
3420
2447
322
122
2045
3658
779
1658
896
490
1701
1515
1321
3503
1177
1657
3532
246
2341
616
3012
1011
144
3070
1008
3061
2587
3366
163
3288
2583
668
2099
2812
2882
2390
2853
862
119
166
760
1205
3289
325
3676
3730
2350
2208
254
656
1828
3290
2984
3899
2463
3483
2736
3563
3473
1455
3111
1780
1574
628
201
2429
3746
234
2437
2866
2365
3632
1466
1206
1554
2245
2924
1544
2625
1720
75
659
1295
1533
1660
2632
3681
2647
2356
3059
3415
1681
2357
3015
2575
1797
3519
2603
3652
400
3466
920
871
3842
3898
1200
2920
443
768
3634
249
2423
1264
3058
1204
1841
441
3709
159
3196
3810
332
1084
1021
2496
2359
3024
2707
277
2967
2867
1911
1616
2954
2660
90
1917
609
2233
1248
1153
1920
3090
2828
3800
1073
1838
1446
3786
1654
2531
1053
373
855
2597
2487
2611
1778
1624
614
2013
2176
3880
3831
1208
2810
3565
2778
17
649
3186
1753
2539
1652
2343
631
3349
1481
2710
395
1480
2030
3545
1460
2598
70
1308
2786
517
1203
518
2312
2304
221
2657
1534
2147
333
753
3500
2654
1549
555
1161
2855
2326
3484
729
2237
883
3041
2723
1407
2066
1849
2366
2415
3544
3363
3356
149
1305
3855
2859
3556
2978
2763
3261
1100
2547
2069
2686
2498
3082
1454
1501
3617
1839
1581
3021
2756
2057
1977
3909
1840
2111
3197
487
2499
1062
3073
3159
3201
3146
292
1108
357
2382
1244
3591
3574
3737
2323
2541
2699
1125
456
3440
2972
2488
2453
986
1431
905
327
2087
2255
1130
2775
1155
3239
3628
51
3583
2731
1096
3848
1399
3193
507
2199
2470
2829
125
3668
3294
3752
117
1220
1974
3360
468
3189
1777
1025
1951
677
2884
1132
341
2227
2801
3608
1586
2651
3338
1439
3640
557
442
3630
2905
3526
3633
309
1390
3646
3104
3837
2785
2698
2548
2159
2715
2773
285
1851
572
3127
2846
2556
1064
299
2610
3398
2307
1962
1028
2696
2408
528
2849
945
2834
1784
349
1174
809
3393
337
1428
717
488
3806
1760
233
976
278
495
2919
542
458
1198
2555
537
974
2582
3489
1598
643
1222
2504
1689
2472
789
1452
2360
2142
1250
1325
2028
157
1488
3743
2303
3119
3441
751
1608
1015
860
1179
1621
3247
3121
2388
1965
1082
1591
2627
57
20
623
1870
2614
3712
2567
1774
2435
621
2566
3514
3524
3875
1347
2455
3851
564
513
3266
749
1614
2485
3297
2753
2490
3772
2638
3763
3603
3808
1260
3293
2432
1037
103
2591
350
3085
3026
2044
1589
3697
3066
2230
1612
187
2051
362
3643
3153
2081
876
2119
1036
3417
2025
2797
2630
2263
1494
1688
1038
3799
1265
3079
3321
2166
2877
2544
56
1457
550
2089
1141
3568
3606
3412
1372
3280
2844
2675
1531
3209
904
1065
1975
2308
2055
3282
2850
589
2102
2029
2097
3272
1293
1145
1546
865
2161
2777
1590
1080
379
2491
370
746
2286
323
3623
462
2250
2915
3590
2509
189
2502
3472
3789
1215
2847
265
31
842
2261
978
597
68
3731
2319
1904
96
2927
80
304
1421
2779
1713
2026
171
1157
1729
416
136
2823
2179
2637
2218
3618
870
617
3463
1899
1379
2417
2204
3671
3175
952
2663
2144
1642
3379
3687
1745
2495
1269
3419
152
2501
3053
807
3518
3860
3488
2127
2062
2860
1843
1381
3779
1406
979
1854
126
3211
464
1860
1033
164
2670
2222
25
1673
658
1987
1692
2396
303
81
1404
2557
2506
1442
2148
199
3469
2645
364
3367
1185
535
3735
2433
351
3720
2718
2191
1102
98
2879
3916
2671
3450
1772
1006
2693
3775
1719
781
2048
36
1583
150
2994
3129
554
1844
2752
947
3845
3601
3018
3386
1135
2012
1047
1550
3914
3310
194
3684
100
1146
1526
2132
2589
2922
2904
1809
1441
2277
2006
170
3868
3911
1158
3642
916
2353
314
1889
3340
2661
3596
