750
722
2680
3061
2903
2445
499
995
2993
3705
1251
520
3296
1400
3096
3194
67
1824
2637
3139
2729
1141
1086
2754
83
3756
313
3799
3393
1277
1077
1397
619
1173
2632
1507
500
3709
1292
953
2755
3587
7
350
2303
1114
3638
3219
1199
2505
3873
2362
82
3803
1860
1325
535
3518
3615
1700
1834
2192
2841
1111
1850
3015
2191
3864
123
2753
3326
2379
394
397
2926
1421
2443
3559
1967
2446
2091
2320
906
1206
2485
1202
314
971
2558
2307
1761
2578
2027
2110
2579
739
112
321
3913
2771
2389
3431
2141
3168
2488
2597
2279
2999
1998
2139
1995
2983
3800
1246
365
134
2649
3282
664
1514
3684
615
198
759
946
11
704
3556
2693
3764
609
2246
3600
610
138
3050
1947
99
2353
2184
1898
918
603
773
2985
1119
3692
2929
453
1572
2121
1979
2404
1435
2089
3549
2009
1059
1218
2094
3366
3477
1406
3510
109
3517
379
560
281
1705
265
1905
593
3594
1933
2470
3746
3830
189
2969
1932
72
2650
2358
1101
613
1390
2657
2150
1528
2907
2989
3047
1411
620
2421
2466
2873
854
2630
122
3862
1521
456
3364
1863
1641
1664
3292
1934
1317
3885
2854
2539
439
506
3609
1236
2511
2574
2831
3030
1904
3640
3708
659
754
2351
1461
857
433
2217
3164
2332
2439
447
967
1833
3114
1063
1820
902
1586
1795
244
3563
3738
1797
2433
623
2178
8
3641
1781
3319
3877
2023
2844
3643
1431
2537
3059
1574
996
3592
1107
3661
2204
2052
401
1117
1532
546
3583
1264
2461
3737
3290
2940
1105
3271
3314
2886
3909
3459
2536
2180
597
28
2845
1429
2214
1217
821
3776
2979
2956
772
3181
3152
2088
185
3723
1016
2378
1355
2553
1428
3451
1591
240
3403
3471
3672
148
701
1379
3875
2159
2339
1579
3126
3475
178
3507
1448
1680
3657
3238
3534
1064
3427
38
2876
2483
1492
3
3460
76
2169
2424
1084
276
639
2534
2440
1616
3212
3066
3142
2153
3390
428
478
3561
1441
2045
1352
2656
1691
3735
853
2050
1600
3761
1789
1106
484
1124
904
310
1014
524
3436
1075
3854
2241
3377
2629
896
3324
1344
3217
879
3278
530
2229
692
3176
2653
813
3055
367
2444
1209
3560
3449
2695
1886
2317
2194
302
1856
44
228
702
363
3693
231
1964
3159
142
3342
856
62
727
1704
3348
25
380
238
166
214
2199
1185
1899
3832
2829
3798
2952
2403
2820
113
3031
2761
990
1817
1855
1677
3284
354
3520
286
300
3328
108
2318
160
3759
3780
2741
1062
1770
1055
2158
226
1122
2298
3453
1300
1549
1053
1758
583
1848
1980
104
164
3184
719
2319
232
3742
2345
2573
580
2865
2651
2311
965
1387
1182
101
3815
2115
2677
992
3198
288
2896
1170
1977
793
3035
3004
3386
2325
1065
910
2122
80
3361
886
2836
3753
2787
1391
980
2295
1351
1034
2855
150
3408
1775
2544
3728
1184
52
3654
3137
2252
804
661
1050
262
1822
1628
924
2296
3394
2384
1504
3308
2767
768
1363
2567
1455
227
584
3658
2036
155
596
1088
697
337
831
1663
1968
1873
819
1493
836
1568
2973
3068
2529
900
1623
3610
1046
2460
2232
2071
3414
2568
498
3286
2791
644
850
2308
3605
2978
1606
2244
777
2917
373
1692
1587
2970
872
135
3552
1490
1497
419
2326
40
3886
1306
3782
285
890
3581
2393
2003
2114
1901
26
3397
1556
1803
1263
832
125
998
2638
2174
569
632
1465
3450
2480
2500
2479
1550
929
2676
2594
291
2289
3484
1756
671
786
1836
3210
1214
1250
1356
3540
518
1911
3163
665
723
3355
2419
3843
69
3116
3428
3876
617
2986
1960
1921
895
1129
47
2626
1190
3398
1563
2494
1582
1515
3869
3206
2562
3825
851
2796
2928
1476
1670
3490
2664
139
1837
3567
1631
3002
2102
974
2137
1436
378
561
1618
2674
2105
1357
2120
3300
3095
3820
2623
3666
928
245
3826
1316
1479
3199
2210
1156
2850
680
2413
1716
516
3113
294
2431
2187
3299
425
1212
1538
1392
2924
2730
1689
3141
1825
3678
156
675
2541
970
1258
1575
945
3714
222
2913
2084
1996
436
1819
1557
3812
716
2800
1207
2731
1288
3624
2162
3344
2415
2472
1815
2899
640
2484
2474
2077
249
3608
1402
3008
3123
3550
1342
3001
3256
3676
17
2900
586
2195
2870
861
2397
1219
3332
3276
911
1907
3302
1113
3101
968
2156
2350
792
145
2458
430
732
2758
3440
3406
656
372
2237
3891
2593
338
2359
23
1868
366
1204
3696
3492
1158
143
2995
1326
3161
326
1585
194
1415
458
3758
278
2306
1198
2966
3189
1456
388
284
2495
3916
2891
976
3634
446
2405
1573
2599
1892
215
2058
3243
2108
852
2240
3914
2838
256
2166
376
3487
3530
2667
2506
949
2231
892
3804
3466
3185
1614
1211
3547
1755
2713
2719
3069
2671
1338
1845
457
96
628
577
721
3502
1302
1259
2263
271
3593
612
1524
925
1006
2786
1571
2972
3834
3619
1965
1762
1413
1895
229
2309
1366
939
2147
3855
3629
2002
564
1416
1577
408
1954
3819
1981
2212
116
2736
594
1043
2247
1286
3494
2725
1320
2260
236
611
2851
1072
1624
1866
1104
2123
1125
3465
2408
3541
2081
3514
2203
3595
1646
3086
1407
2641
587
1501
2681
1619
1694
454
341
2372
3025
1922
2614
437
316
1201
311
3908
997
2098
3498
3445
3274
1527
2515
2776
3702
988
3686
3470
1551
2846
1238
295
2581
943
1778
3846
3316
599
3544
2292
3679
859
1540
2367
2611
1285
1021
1008
1215
1040
3646
2044
3188
1578
2287
3026
1374
3221
1973
2383
1281
2286
1024
3569
2887
412
351
1653
3042
1358
3443
1131
3233
3590
3651
3769
169
3382
542
119
3341
49
487
319
3067
3144
3297
1430
3578
2082
2842
257
197
2605
1688
2750
858
789
120
676
1713
172
696
742
2068
1444
2728
3117
3626
3726
1869
1733
2738
3580
1305
3467
461
1389
1319
2805
1265
1028
3006
1625
1188
2042
3818
180
3093
3363
637
2514
2778
469
2699
2717
2701
2894
3662
423
2745
1987
482
3058
2555
1121
655
1564
2049
127
3062
556
384
3336
3481
3421
3650
58
3627
303
2131
1197
3888
1019
3032
213
1080
1120
2932
3545
1468
1687
2064
2661
1879
387
1629
2264
1234
3247
370
677
2268
1011
111
2801
2879
2744
785
263
2242
935
3664
3277
2429
2947
2877
1449
3697
806
2280
3105
1745
3663
2313
660
3046
3115
2207
1159
3757
3813
2967
3279
1541
711
1647
1992
124
678
566
2622
2583
336
2380
2874
3775
1693
3637
3536
3425
2381
2762
2188
790
963
1671
1029
3171
3251
1091
964
66
3729
2225
1057
775
3147
1769
3612
2047
1061
2366
2781
2213
2584
1554
2880
3162
2215
760
919
1840
521
3036
908
3523
165
2679
2322
2448
340
1147
2881
1920
1510
269
913
128
2742
2418
2711
2634
3548
3521
1711
2177
1036
59
2766
1153
349
3173
3177
1003
1027
985
1763
3675
2920
1542
1469
3603
1656
2437
3005
3835
182
1496
77
3305
2878
1721
1339
3496
2371
1145
1658
3191
2773
3882
2283
3796
3543
1241
1682
2200
1254
475
1924
1154
2694
1405
3056
266
670
3204
1798
368
1699
3865
3564
1715
3135
175
559
3053
1180
1799
1791
2450
3132
1500
570
1085
3409
1035
871
1997
3178
2589
2516
1963
3700
1989
2028
3883
3121
3464
3359
1811
2357
1930
2958
2048
3333
883
1818
1378
3711
3897
1971
2323
1702
3119
53
1519
1362
3391
2946
2255
920
1484
3044
2662
2274
2168
3871
2007
1632
1673
1976
3422
168
483
710
2774
1894
642
1742
2227
3090
829
608
1093
3719
204
673
2078
1020
3180
13
3269
2968
3019
1953
1908
2001
3568
3670
2959
328
2826
2349
741
2554
938
424
1537
3016
2310
1909
1843
3570
1610
847
2348
1746
3574
2154
118
1439
183
685
2523
2006
950
4
398
3196
3868
1196
726
2982
2530
1313
2765
2099
78
1112
638
202
3677
833
1245
1443
1829
2739
1417
476
2233
1291
3082
2647
1950
579
1485
550
941
2875
2938
43
3143
984
840
2243
1308
2021
88
2386
1505
860
2031
3239
795
3380
1752
2752
1242
1766
1709
3604
2343
2457
3740
762
2722
2053
1718
2449
864
2743
1823
1523
3539
2591
3588
1767
636
1499
1698
3783
1609
75
2181
2525
3106
2538
2490
207
2189
3669
3051
1695
3483
2211
1520
2923
3724
3060
451
1872
1200
3499
488
2146
2220
838
2925
724
1370
2586
1601
735
616
3584
3387
2882
828
1512
691
554
1231
3009
2209
1896
1482
2856
2640
2432
479
1270
952
1626
2770
84
3642
2148
3827
1044
224
272
391
2513
951
618
1804
462
1025
1166
1669
389
3599
3786
3554
3778
3052
1828
3111
115
1225
3240
1857
3253
146
3741
3127
1076
2277
1472
2939
327
1729
3352
1002
2700
3504
2922
1247
3887
2170
1177
1458
3841
317
743
3792
1176
2140
3505
805
2288
203
513
1058
1652
61
2011
2143
1466
1962
3558
3606
3081
3270
1654
3847
167
3833
1160
898
3747
1643
1503
20
835
3736
1925
1074
2840
420
1261
1686
159
531
2501
3763
24
3003
1333
1983
3264
504
1634
3906
2535
2130
221
3013
1813
2382
2125
1772
3130
2476
1353
260
1570
1174
2575
1396
897
2420
1764
2029
2073
2872
1731
2489
3739
582
2407
46
1368
713
3566
3858
2468
2428
3154
3323
2430
2665
708
526
2830
2576
1381
3522
505
192
205
1273
1446
1531
1871
653
2106
201
3771
2297
1445
1912
1175
1155
158
3822
2411
2678
3907
1454
3689
343
2301
1116
3828
1916
2328
2206
565
758
690
3400
220
529
1459
2250
2890
3103
1838
1547
1178
1260
2107
3469
449
3448
1923
117
2259
1066
85
181
2606
3850
528
3213
212
1128
1171
252
2341
1409
867
2908
3174
2456
2261
1732
1336
2724
2612
3831
796
481
954
95
3575
2251
3027
371
1941
2410
2063
3577
329
2944
1942
3744
3043
3774
1451
493
934
1097
2056
3712
1946
5
223
1442
641
3097
2688
3767
2980
3482
98
740
2205
283
1513
2827
2577
2951
2772
3644
3446
2293
1525
756
1612
2005
1835
1594
2335
1685
3795
2132
1394
2751
74
2013
811
2863
1137
3884
258
1910
1287
3261
1787
209
3557
60
2398
3372
3360
2216
2390
969
2602
2451
2388
411
63
2595
1722
360
666
1553
767
2019
2481
2276
1760
2370
3374
3399
3280
2025
1161
2712
645
2075
395
1205
1348
1961
2868
2627
533
3073
1271
927
3791
342
2324
2546
3237
103
1748
3589
2208
1023
162
1255
3165
912
3622
3751
3659
686
649
2069
1210
3509
163
2775
1401
2867
3748
2792
445
2387
415
30
2974
2118
3519
2833
2499
208
3515
261
975
2245
1660
2116
3596
3743
3321
3187
2565
1022
595
1248
434
239
1056
2155
1257
3076
2777
1167
797
2884
2412
2285
3461
2254
2414
1534
1566
2687
2892
393
1383
3287
50
712
2249
714
818
1927
614
2363
3863
2901
2848
3463
93
325
34
1151
2119
2462
195
2937
2871
2527
3401
887
1026
855
2897
2151
2749
2710
778
2336
54
2885
234
3691
3263
2507
1806
2087
246
3893
2065
2197
3028
2644
960
332
545
885
3493
2020
1984
1530
2809
1765
2727
2352
667
994
191
3491
2185
3631
2496
100
435
216
966
3755
1098
243
755
745
3304
86
1243
1607
3649
3160
3579
2365
233
3701
3872
846
2704
1337
2685
1986
572
346
441
591
1955
3075
1284
1683
1179
1831
519
3611
2804
1708
73
176
1152
2588
3288
298
2756
658
3901
193
2330
3752
1267
2835
3429
3038
1814
173
2625
2520
709
1146
689
728
2859
65
3680
2059
3699
402
2734
973
2226
3351
1000
543
248
3343
523
3248
2763
880
1936
1474
3358
2862
3140
432
2916
1678
1275
573
3437
3535
131
643
2193
3396
810
3698
3703
3867
3713
3442
2984
718
1608
1906
2463
414
1289
3155
3369
1239
3816
905
757
307
2067
669
3415
2368
1385
3108
2034
2566
2702
2085
2160
3320
3231
1948
2557
352
2648
1494
1613
820
788
217
3900
2467
3259
2642
3376
986
3293
1309
1884
3356
149
2898
2783
3295
3810
3613
322
2548
1651
3091
2127
549
1491
3064
522
253
2769
2992
1672
3169
3353
3910
3258
1604
2613
3432
3071
1723
2747
631
1330
1189
1926
318
551
1165
2735
274
1958
137
1706
3529
725
862
400
553
2086
3325
2715
2134
1728
1545
1744
259
3267
1864
2302
751
2764
2399
467
275
3673
948
1681
1181
2097
1881
2334
3480
3158
1438
1296
3227
3092
878
3905
2040
3585
1952
2176
151
2417
1299
2478
1073
1100
3272
3793
356
3338
2806
2839
320
1735
1297
3636
1943
1788
1453
2452
3805
2532
2705
171
1725
1590
874
3879
1092
1536
3153
3716
3262
45
780
901
2014
1334
3094
3485
1890
3660
2080
105
10
2858
3329
254
784
1186
3129
3878
3340
921
538
3645
1361
679
1621
1015
1463
3762
1771
2101
154
2361
1576
1847
188
889
2376
2825
3707
825
3232
816
3508
132
1298
344
1852
3023
210
1972
2942
106
2635
3379
421
3797
2945
2236
2157
1069
3732
3275
464
1118
2265
2272
1649
1164
2596
3749
839
1543
1599
1017
1005
1090
1216
2061
1138
891
3362
1595
3214
1045
1768
3254
3405
305
364
1734
2266
1327
1805
578
2707
1244
1109
2035
2601
2732
443
3367
2401
2619
1794
56
509
255
2202
1108
2033
781
2235
374
2026
496
1371
3166
1809
2673
3911
684
190
406
3100
3824
377
3733
2482
532
3244
672
2219
2062
3083
3562
1598
409
3655
3500
1047
2167
1115
448
2041
1094
503
769
3647
3537
3392
2603
1928
605
1615
1447
815
3125
3635
1743
3915
2183
2996
1301
1707
89
1991
3203
834
375
2327
3045
369
429
2473
1418
2587
473
2822
97
1592
3195
2823
2748
90
1373
2305
1191
3856
3145
3602
1593
808
1648
3533
687
1432
633
2434
3266
3070
2692
731
2837
2512
230
3837
2582
717
2273
2299
2757
3020
606
972
1213
2788
1929
1142
3488
3255
1032
598
2550
3706
2737
2660
2487
1605
497
1013
2818
3625
3110
270
2145
2377
1274
3591
494
2503
1970
2136
3218
630
2329
3246
3597
2337
2987
2161
2811
707
1187
187
383
186
273
1169
1372
894
3423
749
1526
651
1144
296
444
2374
3630
959
3252
452
771
465
2164
2282
335
1194
2321
3365
2790
3671
196
903
1990
3413
3419
1123
3844
2128
1739
1127
2953
2294
1893
3652
1777
1042
3553
3048
114
333
1082
1839
289
1332
2438
2046
688
3710
776
2618
1393
3704
3790
2182
1938
2799
748
385
2563
987
3411
3616
2643
2486
1712
1081
64
882
3667
2135
2093
3546
427
1588
1412
733
602
647
3000
552
2564
2950
3526
3754
1880
3346
3285
2491
2976
33
962
899
510
1414
668
1854
2915
3229
3315
803
868
1009
3895
2654
3078
1558
512
1221
2714
2396
2175
450
2918
3417
2798
2580
1410
1875
3179
225
492
993
3823
1252
2740
1452
942
3857
3773
787
1617
502
267
3829
3838
2423
2943
2230
2652
3902
3208
1478
1902
2684
1636
2016
141
3371
1945
3283
1071
1696
339
991
348
268
2222
3750
736
2646
2060
1054
827
1311
2569
2812
1776
1398
2017
357
3291
1460
877
3190
1851
3682
1001
51
2570
1068
485
1859
2691
1380
2533
1437
1897
1808
417
392
2521
544
2072
3438
1596
1462
3903
2524
3211
1130
944
1283
1422
3018
1089
539
3623
2991
1324
1224
1874
3289
2109
1310
1703
3149
2054
170
2933
1988
1792
1903
470
527
1335
2531
3683
2427
2636
2051
1318
2861
2785
1223
3175
3802
2817
1192
764
1048
622
1010
2547
1535
982
3017
1751
3242
1149
1099
1701
3133
2004
1668
2828
2998
1876
1033
2559
2270
2815
3339
133
161
2977
2391
2834
2100
242
585
422
3182
2733
1307
3220
1136
1719
1321
3598
2604
3479
3389
3801
3458
2997
3037
1377
304
1516
2355
2239
2746
472
2794
3088
31
491
3881
3331
1548
358
3656
91
2961
931
1611
403
1891
87
2395
979
3861
515
3848
3234
1957
1552
1143
3571
3373
2000
199
3122
2659
3860
3525
3462
940
2076
1506
2257
1753
1786
1738
3447
652
2504
2402
2609
957
3880
2895
1966
1384
2392
3840
1750
1919
930
752
144
466
830
3010
907
1168
917
3842
459
3898
157
782
3192
1949
468
849
153
94
2883
2312
2571
3745
308
413
410
1227
3473
490
3772
3193
3653
1509
2364
390
2074
2012
1914
1427
1665
1659
1279
2057
2493
57
2022
1562
845
2522
1740
2620
2803
1633
3205
200
3012
1931
3378
801
3148
981
81
2152
3890
2645
774
426
1640
3441
2426
1404
1276
382
842
3245
3894
1620
547
807
1470
1978
812
2797
1737
1918
753
3788
3236
18
2030
1807
2954
3687
2497
2224
2949
2802
323
3809
1323
2572
1237
3542
703
3151
3789
2990
604
3265
1661
2971
3146
761
625
1637
2331
3407
3120
79
1887
1132
3721
2682
763
2843
681
1345
621
650
2502
2893
3717
1433
2055
2852
1408
3410
1858
2090
2092
2342
345
3138
1230
2598
2095
455
1999
130
956
3085
2360
3426
1710
3765
2262
3538
3156
1012
2540
2253
3388
177
909
2813
507
1423
817
2459
3294
3621
2447
2921
1135
1674
251
3368
2436
1004
1645
947
2528
1183
1139
3489
2819
2860
1434
35
16
241
3335
1475
3074
431
3501
1974
562
1865
2281
2008
3354
2032
2768
2196
3202
1229
2909
3807
1079
2930
3273
129
2610
1784
1793
876
2709
27
766
601
1256
3063
1359
2935
699
2621
534
1222
3347
1007
3128
2223
3572
999
1193
1140
3722
2112
3617
1303
2406
2807
1
1328
1589
1801
359
1714
3224
3334
440
315
1343
2256
3785
3098
3310
1399
3420
2037
2111
1163
2066
2356
2369
1832
3226
592
3301
567
2338
2267
3455
525
6
865
14
1419
2655
2981
2039
537
3200
1322
3695
3806
471
2347
2759
922
3072
2453
2960
1951
3452
39
3859
3201
330
2631
2669
1473
3186
3456
558
3760
1498
1581
3104
3513
2163
3614
1395
662
2142
55
235
2849
794
2340
3503
3668
2375
2518
1940
824
2354
2526
2689
1774
1888
2165
870
2779
514
1720
1172
3768
2663
2442
2941
3639
102
3727
1440
1790
3435
548
3041
863
2425
1517
42
3839
1403
1939
1030
2373
2271
720
1679
1827
3495
3808
41
2716
179
2816
2275
2024
1565
2686
3021
2672
3777
916
1816
486
2171
1049
1690
474
1018
2248
1638
3439
1518
1785
324
1726
3109
3478
3029
3222
1266
2934
1162
2549
2936
1959
12
381
1133
648
299
2670
3781
3497
1569
1095
1862
1561
1676
2675
779
3307
3694
399
2346
184
3250
3404
2144
989
1487
2542
744
1272
1597
1650
48
800
1900
3022
3555
438
1039
1341
875
2726
3904
3836
1580
2965
2221
1315
3849
3170
1508
2690
1639
3430
1070
1917
1867
2316
480
955
977
3223
3531
1424
2290
3183
2782
1232
1051
2957
2126
540
334
2409
2138
1376
2633
654
2455
2931
734
1724
2560
2720
1488
738
1821
152
2784
730
353
3327
2454
1233
869
1331
282
2492
2600
1096
2911
3412
1375
1037
926
2394
3434
3311
2721
2592
2015
3685
71
683
3014
2607
2149
361
809
2810
2234
581
517
1969
3511
2962
2666
3715
3330
693
2824
3118
2385
3896
1457
3317
574
1268
1635
1354
206
1747
331
1644
3089
3851
306
3024
2847
937
2083
589
2198
1295
663
3632
1877
576
1783
3033
3814
1489
1060
936
700
2994
2300
147
3424
536
3150
3527
1522
1365
3874
2519
2284
600
3628
2018
1226
1150
1759
3350
3312
2628
3087
3601
2315
297
1329
866
2471
3433
2038
3817
746
1293
2906
211
3040
2314
1741
1675
501
264
682
2703
1935
1269
555
2422
2509
706
607
1103
301
2696
626
1262
3512
508
1730
933
2866
3731
407
2416
3309
3402
2718
2912
3225
1426
1727
22
2869
1830
347
3318
1450
3313
3730
2795
3674
634
386
3681
1717
1425
2475
2668
2789
3306
1228
1956
695
3257
3241
3260
1810
3725
3167
1754
