179
2116
260
325
3121
1908
2450
190
2530
1494
3713
213
3767
1683
1977
2056
3535
2801
3907
3257
3149
382
562
2192
607
3511
687
338
2361
1220
2800
588
3126
1120
909
1236
1173
1073
2034
2853
959
958
3674
2826
961
108
1476
979
591
3914
1262
3386
2472
3724
908
1480
757
2048
3675
2910
1767
2200
2018
764
1230
3069
88
2752
779
1134
3383
2114
2199
2831
186
1189
2494
2320
2030
175
3159
1848
1802
1722
1332
1331
1450
15
1842
936
2816
3220
127
2568
1891
990
3491
1514
1555
2555
2877
2522
3582
2789
44
1350
3543
1817
2433
957
1425
2844
1571
143
2786
459
1546
456
3056
2204
322
225
1785
3678
547
3739
3890
2510
2539
2515
1192
2883
3559
3854
87
678
1575
2133
3779
573
1621
294
1894
2697
2490
2872
1729
3321
2970
1398
675
926
1501
2780
2744
1086
3852
2686
3416
3466
1483
3082
3461
3534
3062
2003
2281
2392
1560
612
3496
3497
69
1428
1418
3176
3130
1482
2231
2520
1794
2933
2376
1974
3014
1699
2010
492
2819
1999
737
2498
2267
3064
636
1455
2997
1365
2700
1898
1000
927
3666
2746
38
1096
394
3141
522
2902
2711
1960
125
1182
1868
3823
1604
2896
3310
2384
2256
1533
171
3146
1746
2623
776
715
165
2912
3898
2136
3274
1445
3858
1247
2488
1927
2228
2592
3561
1987
3716
2066
3680
1641
169
3118
26
416
311
2271
2357
2097
1773
3034
3612
132
1582
2915
2984
1758
2840
808
467
2878
1906
826
1119
2002
312
1990
2095
3564
3318
1553
3816
533
724
358
2132
3748
1204
1370
2815
2019
469
1918
3732
1386
3456
2169
1940
1595
3356
3906
242
2856
966
930
2750
1407
1625
3173
1961
398
1924
236
1921
3601
3135
1579
2851
1832
2704
153
517
2124
267
1686
2435
2601
1250
3396
2528
2564
761
1357
1818
762
1478
3442
3411
2726
1584
1705
565
3795
3264
2808
2598
2293
3598
2945
2237
3167
3209
2661
686
3258
2753
367
552
3084
1919
697
3835
2778
3324
1827
2261
3177
3583
3895
231
256
1153
2656
372
262
1828
3485
3665
232
3566
2673
2931
3800
3185
2923
3690
1130
3669
768
669
3847
1508
3522
2432
2720
759
2859
2388
933
819
2201
263
1837
447
1397
1376
1528
1996
2765
1855
3650
3210
1788
222
870
505
2355
1588
2620
827
110
1413
3319
2916
1806
475
3839
2315
705
881
978
1444
1033
583
3052
1268
3315
1267
2371
858
2671
519
825
2545
21
3108
2043
1897
3772
2287
1004
3381
1606
461
3756
3843
189
1441
2666
3055
414
3832
1594
1139
6
585
3269
974
1887
1671
3681
1515
1710
76
2703
2718
406
158
3677
2524
3221
1364
370
1292
773
845
1048
1549
2861
2198
2347
3166
2178
918
1379
1662
3193
465
1007
2956
3201
2992
3820
343
2091
3478
2194
1954
2340
2589
516
1315
901
100
3824
1562
2975
1516
2938
3482
1126
1463
3147
1211
419
1541
1213
1303
1060
2557
2162
943
2728
1800
3664
1850
1117
2219
91
2277
2137
2112
962
3778
1078
651
1896
2779
1980
1934
989
1041
220
655
2282
1905
3750
2390
476
2914
1798
3635
2084
1519
2952
1255
2810
2880
3136
1435
3508
2580
1294
1183
2812
269
597
1293
303
3682
2708
395
1274
77
2391
2366
2558
2630
1499
2314
2037
3655
1105
1636
266
3551
3194
2385
1468
201
3
1964
17
1561
196
3051
3390
899
2702
1090
3528
770
772
1620
1612
3276
2203
1338
2212
329
1238
3513
59
328
1495
2852
1793
1391
2058
3184
2374
3840
2740
2434
2439
1017
3613
2288
3133
3128
3684
79
712
3592
2876
548
1835
1106
462
3670
2036
2099
3327
3116
1079
82
3889
622
148
2321
2166
1373
1368
1863
861
2360
1034
1087
1721
3453
2286
2627
2429
2230
1948
2721
963
2659
2540
3293
258
3506
855
3302
3284
1061
3594
3286
3846
3204
3368
2452
2658
1278
1696
344
1791
921
452
1008
1347
1928
2092
3029
2304
315
774
3412
2961
798
2207
1627
3015
335
2854
1814
1384
600
1485
935
1643
1849
1706
1946
3003
2869
80
1631
1525
2473
1058
1201
2707
1306
2135
788
1760
512
1805
368
275
871
2149
361
254
2364
2687
293
3007
2172
2519
2951
2065
1845
2389
1244
3050
2834
2082
95
3786
556
1834
886
2846
984
3385
423
1895
2187
1190
702
2068
2621
3560
1577
1799
2899
3148
1777
1207
3332
3439
2255
1257
718
1956
2742
1615
2593
2582
3531
648
3265
1697
1769
2337
1816
119
2106
3224
2167
1786
2804
2100
1755
3267
3172
3200
195
3022
2792
1883
2803
2241
1097
3829
3089
2316
3186
292
2683
2386
1998
3421
83
457
3156
2924
3164
2909
265
2443
161
3641
2122
2130
12
3602
3826
251
1282
3836
3448
1663
259
3326
1151
1734
528
181
356
1965
929
745
1044
2344
581
2715
1920
2935
1150
3098
3842
234
3097
2059
2294
3217
2985
3379
2399
3648
3584
2087
2986
3263
2120
2949
2906
821
3424
1362
3720
2015
1353
3122
1340
577
765
3262
781
1392
2995
749
1174
2501
1605
3215
2243
2486
1235
429
1679
2505
2471
3896
3638
2959
3593
530
1978
3607
3474
3565
1012
1695
1744
2991
2042
1659
2857
736
3548
714
2247
806
1624
2334
664
2009
2051
860
945
2829
2788
2535
1064
2881
3109
2629
2517
1208
2893
529
3623
3077
2248
3160
2583
221
2636
3620
3347
2574
2777
214
1089
1488
3562
3338
1457
1155
2420
479
987
2513
1648
3314
2693
72
1076
2669
3170
300
1439
1023
1390
399
2832
3873
1125
320
2179
738
907
1970
1099
3636
1045
1540
3649
2020
1955
1114
2665
3004
2743
904
2476
3226
2534
2982
510
2723
1108
1165
3905
504
874
2790
3479
3712
1326
1759
3208
3018
700
1754
2224
2913
852
2928
2841
1330
3604
683
3874
248
538
1144
1092
454
635
2028
1283
408
1880
2588
1984
2797
317
478
3087
122
3240
1154
1601
3038
3039
279
2242
3017
3191
1564
3331
1100
1446
1975
739
1930
1486
1536
578
1736
511
753
20
554
1427
3667
1016
1888
99
1616
616
1466
3702
1668
3828
1517
3145
333
3811
2953
1534
407
2131
2670
3654
1346
975
3072
1559
1393
3572
3622
3336
1318
281
219
3043
3182
896
3092
1291
2232
3663
3354
950
3432
1593
1967
3094
2111
33
2647
1667
2023
2181
3821
633
605
2379
2272
1629
1937
3910
755
1322
2367
2771
101
1191
3074
2873
152
710
894
3885
3580
3726
884
2113
1059
331
3124
2073
3339
3219
118
1481
1657
3235
3337
471
2444
437
2459
1591
2161
321
3687
1490
3349
3030
1361
1431
599
626
3876
3462
2642
3588
2903
1241
84
3481
830
545
253
3361
2324
1859
2680
3856
3272
3387
1844
373
2695
2541
915
1333
1434
1429
1225
2105
1664
1532
3710
838
967
1423
1782
60
2412
667
2934
1822
3044
2263
1162
1709
3359
951
239
2745
2655
3465
1497
9
609
938
2981
763
3190
2143
1942
659
2258
2749
2689
1122
3784
1237
483
2495
2329
3059
2196
27
645
1496
2888
1711
672
3916
2093
1020
719
2843
3402
131
1472
1437
1420
816
2875
2339
3614
878
1609
790
350
813
1469
2762
833
430
449
3140
1141
973
638
1069
1003
1545
129
3541
1085
726
2531
592
81
2754
799
1212
36
586
1572
2968
188
1935
3878
2633
3586
365
2575
3787
2657
249
673
2493
2107
1314
3600
1772
2129
3406
4
815
3021
3752
224
3357
1520
2884
1406
1952
3517
3643
837
427
997
1300
960
3285
3409
2457
3279
316
1630
2569
1991
2047
3807
2437
893
3865
2662
1316
1074
2140
438
354
2739
3741
3158
1038
387
631
1281
1459
2208
758
3248
1500
2309
3294
701
1762
3464
103
3525
2057
1554
3745
980
2767
707
3473
1675
2565
750
2074
3399
86
3142
2313
3639
3163
3434
1548
2191
3509
525
2328
1723
526
3237
1642
3370
2892
2919
1133
353
1411
1149
917
415
3608
2466
2182
301
2842
587
3477
1851
2957
643
2691
518
1670
2756
1242
1256
3415
2245
3060
2563
2302
3609
3715
3366
913
327
992
499
63
2430
2159
2955
2449
134
903
3515
1925
3891
2483
3700
111
240
191
1892
48
804
2567
3139
1976
2944
524
2940
2021
993
2310
3503
1248
3340
2463
1037
2210
2171
2469
2401
3351
2406
3668
2678
2581
2625
1691
1024
3662
3689
2221
49
3380
2717
1443
3576
2213
841
1966
1084
1261
582
1188
1757
1823
272
1518
1655
2165
2770
3527
2679
2061
212
1801
2491
540
3697
2523
603
1205
2716
1068
1157
3502
2690
766
2525
1164
722
1693
2121
2225
403
314
3731
1104
3199
3591
425
3211
1417
2158
558
2994
1865
1550
1732
3105
1252
375
3597
2226
1140
116
261
3101
1875
3363
2205
2025
1210
2983
3231
3086
3192
1733
3631
178
362
869
2796
2416
3815
2007
3797
3232
2077
135
2006
58
3512
369
309
295
2326
2127
2969
2508
698
1135
2654
1840
55
3809
376
3899
2041
1202
3722
1586
3628
3312
1263
3518
1611
1995
1658
183
107
1864
3143
1735
2774
3831
741
2694
1725
2823
1403
2362
3297
2791
1123
3134
2317
843
1200
1081
1355
2296
1539
313
1765
43
1395
3861
2643
1576
1529
847
3514
1833
2424
102
2419
1308
2156
1269
2303
2351
1275
1419
2134
1451
862
3266
1039
3723
1382
3798
1101
2943
2445
2236
66
3251
1703
708
610
3252
3698
1509
3897
3747
388
3838
3100
2838
3452
2947
1360
3090
2993
2964
1737
2011
3788
2147
3825
3169
1231
1702
1351
2648
70
3033
40
3480
1929
3328
803
1992
3028
1547
3437
495
649
2918
593
3418
2950
568
3571
2858
3596
3238
2901
2863
2409
2867
2506
1226
2259
3392
489
3733
463
1915
1147
3701
796
2297
949
2595
1751
2615
496
2414
2270
2692
2514
3446
3563
2368
1718
3619
2895
3457
1234
2533
559
596
445
3691
1223
2184
947
1295
3882
2781
1175
418
3430
3487
1749
3725
2646
1426
2509
31
3524
1738
971
953
3659
2422
1327
2667
986
3405
3435
783
661
2882
1741
280
3096
3369
503
487
420
3373
2624
1626
74
3346
1646
1352
2441
863
1127
1414
3288
1685
426
30
2732
208
646
2551
1939
2474
3634
3751
3246
2631
2448
2735
919
2417
2839
1728
68
421
174
1843
946
114
14
1385
3311
684
1687
1872
2607
3227
3104
2039
3273
1569
2921
1343
682
1669
472
3792
2610
676
3000
3395
2393
336
3203
872
1689
1904
1240
1858
2001
506
2144
964
2216
2850
1128
2279
1196
1401
3012
1807
458
3431
57
746
1650
1763
2605
2576
2045
2824
3061
557
1093
1442
2239
733
297
390
3850
2411
2900
3280
3041
3047
2653
2866
1312
1222
351
28
1542
3277
1018
3686
3853
1867
2331
613
3300
2369
1288
2497
3364
2507
2609
1075
3692
341
2349
1452
3833
3313
2941
1652
1963
1673
2766
3536
3703
2380
3862
381
1957
53
3902
1477
2958
535
1013
2318
2925
1910
1448
3753
2738
2461
1453
2578
732
3658
1028
767
608
2596
3001
1410
849
3696
1565
2101
3333
2932
3154
243
2090
402
16
1320
2475
2052
1677
1700
657
3233
3460
721
3358
3054
3290
3714
3377
1057
203
3384
1708
2570
1717
3699
3913
1219
3394
2755
1232
442
2860
3542
3484
3469
1989
182
1166
2622
748
3777
2731
1994
658
2022
170
1279
2
177
3107
2000
3425
1556
2229
1538
1869
2649
1358
3475
1449
3857
2013
1608
574
1610
3574
3849
255
1684
3112
218
2645
2265
1462
937
2967
787
3510
3676
1159
1824
2145
3459
916
3179
2075
1185
2847
569
3006
65
2908
3728
1941
3780
1243
1337
2080
2529
846
1938
47
3794
156
2078
2504
252
2874
2603
853
146
1270
2004
2273
923
2336
563
1396
3558
401
2397
889
1409
654
598
1026
2405
1790
2775
782
670
3115
3228
1681
2973
1590
1160
1467
515
3229
1724
484
3458
3150
642
2387
1886
780
1870
2521
160
1831
2722
1299
3080
136
1021
226
2963
1284
1474
1931
1810
347
448
572
441
760
571
1768
2160
611
3872
3537
3255
1381
2157
3774
3760
3079
2076
1344
1359
3091
2701
352
3320
3197
2907
952
1666
1580
1598
2817
532
2306
3737
3026
2250
1633
278
1030
3742
3131
2217
46
2268
474
3261
580
868
1885
740
928
466
22
688
3812
576
1853
51
2477
2338
2353
2813
1245
2415
2794
1335
3309
3382
1072
3278
379
1953
3830
640
1789
3599
3241
3727
2421
3419
2283
3818
3249
1503
1797
3627
2905
709
1492
3552
1132
3259
3735
1082
1809
3206
3316
2436
67
1286
2394
625
3157
3037
2849
310
1221
695
2604
3344
3455
3679
3646
1422
551
366
1010
2096
1380
1730
3547
1399
1179
865
3236
3202
3813
3304
473
1860
3355
37
2714
244
2503
1102
925
2446
2480
3444
2848
3063
1405
2682
3271
1209
480
720
61
2499
2894
1005
2663
3781
3254
3573
751
3225
1239
3877
2734
3908
2946
1543
3755
1680
810
2253
2233
820
1233
2972
3076
890
666
2235
541
1512
895
566
2211
1743
1027
1163
1432
3253
2234
2333
2215
3749
1877
330
2676
2811
206
39
2729
2442
3323
277
3705
744
147
1862
2040
1470
1947
1619
42
2108
3223
305
1857
3533
385
159
1752
2370
168
285
1909
807
3137
3114
793
1979
3763
1371
2189
1950
850
3903
844
3463
3365
2067
2706
2597
2783
1599
717
1583
2227
2492
2599
2538
2527
2904
3516
2290
2431
1820
2083
3768
1704
3734
2085
3350
121
2562
3729
481
2071
632
3106
446
696
713
3413
2400
2323
3793
2274
3499
1839
199
2818
3068
3578
629
2805
2727
2484
1678
2698
2929
1917
1756
1458
71
241
1526
3360
1781
3268
2238
93
944
50
1224
1277
380
3544
3637
1654
1118
3611
2350
2549
1218
3743
1339
1040
2407
1825
2341
3088
1884
2154
1854
2280
3810
3423
3057
3330
3408
3894
229
2585
25
2222
2614
2827
2451
842
2440
3168
176
3016
2062
3587
3389
939
3526
302
3814
3554
1537
1649
3283
2175
1329
3557
1138
508
570
898
1341
834
2948
3769
413
1253
584
2891
1321
2031
3871
2262
97
162
536
2126
3886
1416
485
2978
864
1088
3884
1585
3045
1780
3495
1137
735
3790
291
3222
2453
1454
1438
867
3519
3198
662
2759
24
1882
3132
391
3585
2664
3188
2611
2119
968
2937
3196
3538
1581
123
1323
3287
56
875
1502
3546
3066
3651
1638
3746
1014
2220
2035
2917
985
3859
400
1404
3175
1019
3887
2710
818
2012
150
3550
3075
13
3869
3822
977
2776
1258
2554
3374
1811
3242
451
3695
3342
411
2188
90
2660
417
2512
2465
2218
3708
3317
2887
3305
2547
1412
2254
1660
2044
1873
2532
1109
1029
141
982
117
1302
1002
2190
154
1815
2927
3738
1498
3656
5
3335
371
1623
1249
2758
1719
2470
1568
690
665
1050
3470
3844
617
334
1866
92
1484
3880
157
2257
3860
1036
3178
1795
3298
2373
942
2455
2292
3888
2571
444
2748
2319
2264
3352
1142
359
832
2939
0
392
2974
3289
3002
1025
2125
602
23
3803
1716
824
1193
1440
1388
3334
2170
2672
2063
914
1962
2049
3025
1674
2996
3845
2566
3802
546
549
41
3764
2148
2289
3058
346
1374
1464
1745
35
998
345
1148
1841
2308
3376
3067
969
1408
1313
109
1167
2356
1304
2675
1171
124
1881
1871
1227
723
2206
2223
1829
3426
2828
3181
1348
1311
173
1031
3520
2123
906
1783
3851
866
1436
105
3759
1647
932
1923
3218
155
3841
711
747
1083
500
2833
3372
2088
3301
3808
579
3804
1009
3757
3834
1215
3633
3545
2032
991
257
2573
668
1753
2214
64
621
193
3909
728
754
2546
276
1055
2017
1902
1707
3308
348
360
1475
3216
811
363
3247
1287
3791
453
514
2733
2354
2806
1567
800
3855
1098
304
996
2544
1943
1661
3575
2870
527
902
3329
1228
326
410
789
3577
2413
1276
604
2185
2115
2606
332
1982
630
1259
2438
1254
1280
3489
3153
3388
3053
3008
2536
1334
3661
1618
2787
539
3730
988
2295
1656
133
823
1544
1698
2526
3362
2640
1264
3407
1997
1430
3721
1557
1506
3427
3589
2730
1216
1614
3292
2060
725
3433
433
3129
3879
940
2072
455
3410
3103
3892
1110
1936
78
319
1688
2202
784
3694
1319
3911
2920
1527
3901
405
3645
2782
3234
2146
1035
2561
2587
671
897
2674
3647
2138
995
3553
3040
531
210
1214
2081
1112
1377
1819
3420
2837
679
2195
3719
1156
3709
288
1168
3507
290
2976
1890
3532
693
1421
2086
3671
1461
3579
1613
3393
144
2911
2299
3740
2635
1285
2989
2713
2548
166
2502
1570
2591
3296
1742
3624
905
2252
1053
703
1158
1985
1522
647
460
1874
1973
3492
786
3806
2685
2153
3454
1932
2785
167
1838
3449
1115
3776
1651
1653
2577
1731
3530
10
534
1808
2029
3443
836
2460
3035
2712
2684
3904
1912
1893
756
1491
2632
1640
1290
3555
2835
1181
3275
2737
3417
639
283
2552
3371
32
3799
2332
2142
1949
3391
2556
2584
3660
172
3883
477
2688
2478
2014
384
801
802
3414
637
1969
3683
1597
386
1363
227
246
1551
3032
3009
2311
3046
3629
2301
3881
3789
1067
3325
498
2027
3540
2322
2868
972
794
3672
1563
2798
3348
981
1720
1375
494
151
2244
1983
1456
2651
2173
2479
237
284
2724
814
854
2150
149
2378
3773
137
2864
3187
3640
3111
1596
2209
2456
3024
2814
1959
138
1194
491
1011
2404
2468
1366
486
2141
2942
805
3817
318
734
1761
644
2999
3042
2594
1356
1447
1993
634
3152
8
3688
2016
2177
3404
567
1049
250
1876
3762
98
200
3429
3621
1589
1071
1229
3493
2619
3505
2628
3422
2151
1665
2403
1701
1587
397
2033
778
3213
2998
1617
1305
75
1899
2069
187
139
3005
1402
1766
3299
934
1206
2784
544
1826
1682
1066
2094
198
3250
3761
1971
3590
3099
3049
3630
589
1803
2458
1748
3603
1143
653
1015
1180
215
2764
1307
2155
3065
1325
3031
211
2802
1203
1958
2936
3073
2164
3183
924
3078
920
1821
2699
1507
555
900
52
652
601
2447
2634
2602
2845
2359
2772
228
113
615
180
1727
378
3549
892
1116
1521
470
3214
2418
142
3353
1317
2024
624
184
1298
2769
194
2890
2879
3205
3758
274
3083
1903
2751
3819
2898
620
1968
3805
2637
3212
1804
2971
2809
3162
106
1400
3771
1251
1913
1186
2300
3307
1639
501
450
2307
2176
994
1779
2104
482
618
1271
791
497
197
1770
1113
641
1493
3915
2650
1852
3243
434
1
3893
3281
2427
614
393
3123
627
797
1246
3445
2617
383
2398
2761
1129
1747
1266
2335
2980
299
323
1690
2425
3618
2186
1792
2988
2046
2608
2168
3019
2897
1951
3322
2342
3653
2118
2464
1812
128
2365
3657
2741
2926
965
685
163
2543
337
619
595
2026
2358
3782
3119
2644
1513
879
209
1187
3476
828
692
1713
1692
490
3110
1383
956
1981
3707
1504
2284
1152
3864
130
3744
3428
439
3617
96
553
1297
2639
785
1926
3345
2330
1566
1945
3486
1489
2626
3523
2275
2500
1336
120
2426
493
2174
1764
910
2990
660
112
2612
7
349
509
377
1433
3581
3801
1972
306
3120
2768
2960
2276
1424
282
3490
2922
3783
2102
2363
1095
2180
3488
1136
699
424
2117
1552
829
1900
3521
1324
1265
1080
1054
3568
3529
3570
704
436
2822
422
3567
1170
1847
656
922
1775
983
1645
3483
488
1121
2467
2408
2481
594
2757
2070
1460
2825
3155
1603
364
3440
3766
2542
2305
2325
3770
891
880
464
1217
1172
307
2395
742
3796
19
1914
11
1184
2038
3023
1042
2260
298
851
2278
752
3138
689
2616
2979
264
2008
1846
1784
432
3011
3036
296
3711
3436
2820
812
822
1301
2246
876
3673
1345
650
3013
887
590
2962
2139
2055
731
468
3378
2462
1622
970
1342
3117
2410
412
809
2836
706
3398
777
954
3144
1830
3644
2966
2579
775
3595
3867
681
2773
1415
268
3498
550
3400
1944
396
575
3569
1607
238
3303
3870
564
