3474
3392
2938
2119
2345
2763
3865
1553
1239
1090
2163
30
1376
2690
3250
2971
3625
3688
2454
318
668
1444
3092
1851
2155
2644
198
1351
258
2030
1230
1174
3086
2710
1143
3211
3584
1788
1298
2650
3
2507
3516
407
2055
3072
3678
1257
3593
3448
1900
2346
336
1693
3782
2224
125
1751
866
322
3168
2809
3703
2475
1500
3889
531
1234
3329
1691
58
155
278
2994
2185
2713
2517
1395
134
1404
2892
248
2112
1292
3558
3556
2977
2718
3767
3685
2518
1959
2250
2956
1036
1416
460
3052
3262
3795
597
3771
260
1288
3533
3182
2344
3900
2664
26
3348
915
94
868
1457
2013
841
1034
3772
468
80
176
1775
3249
625
1191
3622
3650
2286
2600
612
1476
2813
2511
940
3047
144
3104
2025
3576
1819
3649
3430
636
1821
857
3053
285
3120
2575
2032
1624
1768
2314
359
2143
3306
2478
1255
3258
2849
886
3069
3500
730
2017
175
1878
3327
1548
1697
301
3193
981
1830
2925
1720
1613
3162
3373
1763
2969
3878
3287
3508
388
3755
2412
3241
2271
3221
581
3291
23
3456
303
1572
1917
2252
2389
3156
850
1663
1353
769
2026
2863
2652
3038
999
57
238
2939
1243
2018
2551
1041
3342
2931
718
199
2180
681
65
699
1510
1458
3333
2870
77
2819
1356
848
2799
1357
728
3751
1595
1591
1377
2450
1021
473
3469
2727
1347
3431
3860
3198
2937
493
1729
1641
3346
3115
438
2142
2364
2005
2940
1605
1474
2133
2080
1843
2585
405
3579
3861
589
3787
2152
3633
3163
3301
158
335
1379
637
877
2722
1136
3770
3010
1835
3133
2062
2107
2045
829
2500
1409
227
2081
191
1246
1071
2677
1171
713
1315
3603
698
2967
894
2618
1192
196
271
2460
3586
1810
3334
1612
3756
3071
3651
229
3087
3149
2386
2269
2079
2669
302
1132
895
3129
3914
2567
2485
207
796
2647
2670
3629
2771
1439
242
69
274
2401
397
3370
2007
1943
2093
3864
1736
950
2821
869
1072
1492
2839
1258
1927
3529
1032
2358
3235
1486
2297
2684
1549
3644
701
3189
200
152
2795
690
2847
1933
2789
2881
501
1384
3395
3019
369
3352
2523
3552
3084
192
1223
3451
1645
340
3794
3070
3429
708
2934
430
1756
2455
658
2089
3628
1833
984
672
2182
3475
870
783
2332
168
3526
1215
3196
3724
1931
2315
2928
3062
2953
3403
964
393
182
3709
1271
3121
556
2003
1454
1142
3543
2054
648
1646
1928
228
462
3026
1481
883
1805
2800
1279
3364
1840
2178
1784
3379
208
2461
488
2592
3176
3292
684
939
1227
3683
1657
1637
2328
1629
2726
2219
86
3273
464
380
2061
2842
2836
1791
1582
1936
3846
2619
2374
2190
1789
2732
2320
167
1249
2381
1106
1724
1686
3039
3692
583
2330
3585
1313
3720
1558
2540
2073
2382
2672
3806
760
551
920
1972
3311
1854
2008
1233
2074
17
354
554
3786
1786
3044
1098
1058
3175
3669
3350
1339
1306
3524
2360
959
1752
2995
2208
1555
1198
782
3537
226
2571
615
43
1119
181
1305
1916
892
1899
1217
183
2736
188
608
2377
1576
294
1502
2654
1134
2118
3493
522
2241
2978
1469
1886
3222
1606
2625
1414
2134
1164
2214
1596
1050
457
1302
3716
2254
2665
1719
361
2050
557
3535
3022
961
364
929
2633
1460
317
836
678
2042
2897
2434
1932
510
1319
3681
3034
1622
3031
2265
96
2046
607
2900
1870
2806
1690
105
2890
1705
401
2731
3903
1301
3135
1651
320
1714
3814
3811
2464
2334
2340
3853
1571
1432
1398
2226
3742
1124
1130
2528
172
3160
3215
585
2449
3726
2223
2509
1945
2574
1683
1949
1667
2706
1896
135
1903
1391
266
414
2530
1104
2970
2584
396
2780
3733
3438
1443
2010
2841
1985
1442
53
1929
2687
2772
1868
2108
817
1069
3597
1049
1112
3453
1235
3452
3670
3915
3161
2463
913
3389
3100
2176
2077
2909
630
132
2242
3109
1038
153
1291
163
2603
1593
2923
3251
2935
2782
2083
2430
743
3480
600
3711
3380
3267
1845
3687
2901
2658
1161
1960
162
1849
2549
3532
1199
2941
2656
541
2272
3192
1178
3788
2186
3314
1776
2965
3018
2555
3527
2213
119
1620
802
2537
1541
1710
2525
2587
39
1588
2128
2593
216
3648
1088
733
456
1244
1523
2729
398
1901
2407
3856
367
3762
631
3144
1568
195
926
2662
3564
289
2138
2820
2353
980
2519
257
1162
114
1867
628
2877
1197
1812
3641
3187
692
3308
3386
1341
3375
1113
290
115
1777
797
851
1803
2987
2843
2270
3428
3021
3561
377
324
823
2161
3679
476
3834
1709
1487
3437
1185
171
1509
1831
1420
403
552
1801
2082
2952
47
406
2406
1077
3413
3578
2059
858
3371
3637
3785
1068
62
1559
2893
1797
838
2766
3288
87
1679
2359
2351
415
1681
983
3141
2473
3416
808
2733
3489
2815
2494
3592
2187
1638
856
133
3468
219
3118
3859
1501
1177
1428
2431
1987
1389
1120
3422
108
1942
2673
3845
946
1307
93
3132
526
1783
1201
3439
514
3134
792
2106
535
3712
1626
933
1187
1892
2114
736
2001
703
2632
524
614
3797
22
1700
1450
3394
1562
2301
3609
3582
1567
2047
3400
3075
2189
250
2352
1850
2659
794
2394
1478
264
2768
1669
762
2944
627
1826
3191
1074
3212
1372
1154
3098
1852
955
382
254
391
834
2554
427
2982
3315
9
772
3554
3049
1408
428
2197
243
2873
2838
2869
174
790
968
2483
1754
2445
3807
2535
2606
2327
2469
2964
3605
2611
1746
1957
751
2280
343
2295
3240
508
3694
849
652
16
511
1921
3140
1033
3647
106
1123
2369
687
1581
2428
99
279
1741
2497
2808
3320
3046
3190
3172
2426
1284
3024
3170
2588
2770
3114
1445
679
3739
3280
2846
373
489
2069
516
1508
3402
2266
1676
833
795
649
3725
942
14
169
331
474
375
3338
2498
3821
2048
3752
2034
1115
1475
1170
120
882
3248
3157
2020
774
2221
2765
186
467
2116
512
1025
1623
3384
2747
1273
523
3217
3023
202
1468
193
3530
2104
827
2207
1530
2805
1726
3503
2515
3472
1260
2720
3623
1200
1680
3607
793
2023
3123
1753
1616
205
233
918
2761
780
3525
1911
1320
2300
2686
3054
1689
1964
3790
2980
2160
277
3862
1836
2101
1952
486
3899
1733
3764
3791
2066
3282
3085
659
704
1863
2462
3073
1144
724
2321
582
3399
2336
590
2750
2041
3033
1856
1770
2421
2015
2954
2837
3713
273
2803
2514
1219
3566
88
2833
2129
2754
1885
3873
1543
3243
1761
159
538
1688
495
887
345
1103
1430
2749
837
1375
3357
1226
2777
3242
2811
2985
3538
8
2324
3781
1007
1117
70
3347
693
904
2429
2762
123
2236
740
532
1727
3892
1464
3799
2153
267
1155
3083
2222
295
1907
81
633
487
1961
2773
2205
1675
2474
2832
2122
1556
3458
2856
543
12
3277
386
2557
1152
676
1997
3511
1331
2723
3745
137
1196
1718
3374
3521
2578
2502
2111
754
461
21
251
1814
3729
1114
1397
1099
2550
2787
1644
3680
439
1212
323
3705
2888
3476
3805
3691
1368
27
3721
3792
826
902
1608
2390
2561
42
2239
1672
1692
671
2759
537
1895
1149
1967
3393
956
3447
2807
2361
3079
3450
3893
1452
971
3360
974
1042
712
2864
1440
544
873
3081
112
706
3879
1816
1827
3335
3656
778
2490
3040
448
1231
268
157
2433
1607
383
3449
1745
994
423
2021
349
2655
3410
2402
1633
617
3339
311
3326
1894
3589
2926
2293
3417
1990
126
3624
2702
938
1146
2681
534
1045
1163
2635
355
1100
2859
1465
3138
3466
3227
3548
1158
2695
2000
3888
3226
1048
1183
1993
3228
2865
3617
2193
2308
1871
1910
1557
1898
670
3097
3101
1222
579
2882
2368
3459
674
555
1704
97
2586
362
1433
893
3307
92
2741
390
370
2395
1879
7
688
1829
2064
667
2998
3444
410
2365
2496
3882
1413
3842
194
1024
1649
577
3665
1382
3634
1496
1108
1592
2705
528
1982
1330
2195
1587
1817
25
2229
1328
1941
2597
1410
3890
3655
2140
553
90
3486
1531
1837
1737
2376
1813
952
2249
2857
2367
513
2657
2035
131
726
3419
2216
844
3897
3260
2151
914
3169
711
3000
149
3912
1969
1429
3822
546
459
1335
3432
3396
896
3863
2986
3125
2830
1995
502
1951
727
1228
3421
937
45
2372
2769
2755
3343
3055
3570
111
3457
972
91
3796
2243
3544
3223
3666
3050
2641
3369
2166
2867
1094
2831
732
2446
1329
2904
3616
2225
2685
2420
2465
1660
1093
2639
3436
1991
1311
738
3252
1203
2090
1818
212
3230
1954
1758
1876
2623
3165
1129
481
1655
40
244
1166
1342
3630
441
1807
1874
947
1564
1344
2488
867
1914
1052
1006
3494
3016
1297
1485
449
1366
2919
363
970
1503
1809
379
1172
578
2188
261
2423
1668
2552
3519
2850
2285
2471
3835
506
3844
2075
3815
1176
941
2615
2660
3653
2100
3064
2275
1385
496
2921
3414
1762
3568
2458
2693
307
1470
2305
3773
809
141
2758
1728
2031
547
2092
598
2117
519
2492
1909
187
2259
2573
709
55
832
3534
3737
1111
422
3247
127
35
3898
3415
2734
3059
253
3344
1254
3425
3802
433
3477
2638
1749
1565
118
660
3654
2418
1589
932
3499
3749
2973
777
3164
281
1159
2569
1785
3884
2375
682
2347
720
1966
2533
1184
3377
2661
3699
3595
2316
2936
957
429
1977
3676
2880
2737
1269
1073
455
249
2232
3003
2566
2202
3916
1304
2649
1744
2499
3836
1635
3310
1811
1277
3078
525
2903
1013
2908
1248
1652
3356
2303
2174
2751
1310
1066
1771
2546
3514
3166
571
2883
342
185
1974
352
3872
917
2522
757
1888
2127
640
2798
1953
2663
1956
189
785
586
3117
2817
1482
1312
3832
3171
339
1456
3809
3690
2621
2231
2105
719
996
2278
2437
3180
1731
214
1948
3715
1147
1040
2136
2403
1336
3130
2053
1070
73
160
3383
444
3102
775
3142
2698
180
3155
1419
2477
2099
122
280
1630
3279
209
3082
2796
1566
548
921
2541
256
3237
533
2776
3254
2391
3076
1517
1399
1173
3627
3006
2291
1734
721
2786
2983
3880
2945
3011
3177
3105
3042
310
2609
948
771
2957
217
903
2984
2701
2476
3911
1491
3910
2626
3581
2616
2002
2057
128
2070
2834
3632
2996
3366
2840
3823
610
3332
1926
1521
3697
1373
1499
2482
477
922
875
2029
246
2448
3660
2307
2072
2277
748
3272
420
1241
2929
1913
908
3618
987
3367
2774
1546
2745
2565
2538
3363
300
1354
2309
2264
3635
328
1848
1670
3818
3316
3682
1823
333
1884
3321
3232
3820
2240
878
788
1875
2452
325
3800
3089
3200
2150
2149
2972
419
1838
206
852
2829
3768
1983
224
2646
1515
1138
2642
404
384
3178
1804
2797
3858
1614
1795
2932
2348
1994
1563
570
2095
3539
298
2556
2233
2283
24
2157
1640
3411
2624
284
2296
2778
1730
494
1603
3239
2851
931
184
1488
3661
1426
1030
2802
2425
2343
15
1908
1412
1551
3293
3638
3036
934
1348
2607
2579
376
1333
725
1009
2298
1839
2788
3738
1459
66
346
3285
1381
2526
3427
2245
677
966
3340
3825
1139
1002
3695
2292
1841
1272
3639
3839
2562
2378
3406
810
976
536
3868
1569
988
1137
231
1659
236
1000
1350
2730
2910
1010
2397
1550
1495
338
3203
1935
3080
190
647
767
606
1774
3194
1755
909
1769
129
3551
2960
1650
299
960
3216
930
2767
1059
3184
653
1394
2227
3014
130
759
529
1701
616
3562
6
2651
2380
3219
102
863
758
550
378
75
1535
3765
3185
1448
1824
3547
3727
497
1518
2912
1643
3066
2781
1678
928
623
786
3507
2886
3684
1263
1207
3204
997
1415
1014
2487
3057
437
211
2884
3197
1527
3096
3496
37
1437
20
1392
3577
3590
164
426
76
3640
1584
3483
3210
3601
1627
1270
3848
1150
1493
2011
1781
1512
2714
116
664
2601
1019
344
18
3276
1242
1699
705
46
605
1145
3145
2501
3454
2228
1772
1944
638
3587
2211
2871
1694
2981
575
442
1844
3068
1883
1186
1524
3063
2520
2299
3401
1057
545
2354
2896
2039
2783
3854
3608
1346
745
1992
2589
1194
2290
1061
2513
3255
3748
2260
2950
1792
61
2370
2256
588
910
286
316
1477
3793
919
2634
2040
1116
2135
1087
923
1355
2387
3309
943
1872
220
1971
1251
3188
661
28
3108
2413
953
3906
989
32
599
1846
766
1597
2235
1349
1334
768
341
124
2144
765
1425
2974
2539
539
2823
1579
3218
789
1128
3686
2234
36
3908
3398
3913
2676
620
840
2855
1561
3658
1055
411
879
1578
1585
2489
3518
900
2131
2086
1986
1609
753
19
1256
645
3323
234
1666
1043
3693
1618
2181
1855
2438
3817
2943
847
1026
1760
1085
1387
521
787
2139
201
1980
737
2689
446
2963
1715
1598
1617
2801
1937
1001
2707
3484
450
1923
864
3312
2435
3146
3253
2060
1893
2583
2322
2167
1018
912
63
2503
1497
3471
2184
1654
1834
2262
3891
3404
1453
402
2911
3870
2631
963
2558
1153
3718
2724
3390
1534
1020
1484
3231
3296
337
1779
855
3127
1782
2852
1920
2194
245
1236
1097
2548
993
1211
1427
417
1653
2288
1374
2217
3148
1005
2481
618
218
584
3153
3784
3662
654
2486
3328
3598
2992
3667
3051
3852
472
3261
2915
1364
889
3229
312
663
504
3896
3154
1919
1490
1411
2704
2627
151
1358
3876
204
2854
1008
1237
50
3723
3504
3485
2137
2279
3233
3488
1209
2988
297
1988
399
2183
1934
3263
2294
210
2147
2826
3819
2559
729
604
1965
1168
935
1110
1796
1632
1507
329
1122
854
784
3467
3131
1575
798
1264
1388
1262
1721
2120
806
3871
1860
2399
978
2794
2043
3730
400
2414
3349
2667
876
695
2484
3381
1202
1665
1360
3600
2310
213
643
2170
3735
3107
2212
2875
3407
1859
1141
1278
365
3045
1673
1973
800
2828
3857
3904
3509
2
1757
1135
288
1802
1664
1981
107
3753
1621
843
3408
3095
1446
100
2527
2164
3442
1053
3077
3902
1601
1386
2874
626
2605
3302
1687
2997
1930
916
995
292
2004
811
2318
148
2027
2400
673
814
3202
3498
1674
1181
3668
1504
2917
1765
3433
3830
1118
1615
710
3520
1079
945
2311
1473
1321
3646
4
969
321
1193
2251
3405
3355
3283
2993
2171
822
139
1808
1317
885
755
1905
2845
1532
1204
2721
2694
888
2230
3778
3236
2154
3128
1451
276
3728
3714
905
33
3545
3481
3572
1027
2512
3099
2682
2141
592
603
1505
655
694
746
2949
2373
2355
98
1422
3278
2959
3167
1268
3424
1016
2335
3769
3147
2289
2281
2206
1125
136
1084
3270
2976
1294
2712
3464
2792
962
2835
2467
2913
3470
1552
1369
350
197
3706
3150
2728
1661
2563
3397
2415
3696
518
3061
1590
259
1537
1539
2179
1594
392
2169
924
2192
1467
3869
262
675
2282
1247
1403
1441
1711
3645
3675
3877
1955
2102
542
2887
1599
3536
651
890
2411
1820
2038
3492
104
3281
2879
958
3886
2827
1773
452
540
1190
1480
3368
865
1825
2304
48
3385
2246
1725
5
2568
982
64
3501
2848
1300
154
3181
2595
1743
1400
142
2614
1179
3780
2508
1732
568
591
3490
3541
3510
2096
1275
1314
3550
2456
3244
3013
3353
1798
3750
1902
309
2255
1636
3388
2814
3502
1864
51
3546
3290
3372
801
2033
2560
3297
3847
2022
1267
1538
1309
3214
3186
723
1648
1577
831
2468
2862
2274
2472
1940
82
2711
3122
2349
1891
2052
2019
2068
2495
1362
2339
3557
2319
3610
1322
2905
1528
2258
3614
2124
3626
3305
3491
2708
1702
1210
2350
3093
1156
3319
707
2946
1337
613
1225
179
3103
3088
1359
3234
3803
418
1447
574
3195
2703
2393
59
853
10
145
1435
1169
1082
2715
1656
2955
734
1004
1407
270
1102
2891
3574
469
911
3731
3259
3777
3358
2683
2244
3740
815
1175
601
689
3090
697
520
2076
1554
1131
2885
1393
389
1276
2247
3604
2457
1046
975
2084
241
3284
2645
1324
1815
3199
3002
436
269
3074
813
1647
509
1748
2088
3743
2383
424
3505
470
1229
3205
225
1037
2764
2257
2748
2115
1703
2629
1318
1031
3798
1996
1604
2404
3041
596
2678
170
3025
845
263
1631
371
944
485
1083
1520
3567
3067
3056
2326
1560
31
3708
1924
2612
2543
990
500
2424
3126
2594
232
221
3137
2331
3030
265
991
899
178
901
1536
2700
413
3569
2598
770
2531
3008
3443
1950
348
1438
3513
3418
353
2453
272
1240
3698
998
1148
1345
897
3657
3289
1522
1887
1287
84
580
3151
805
366
2113
565
1011
1067
1461
1365
3766
1180
1979
985
2927
3012
2545
906
247
2432
3119
2165
1873
3029
3838
715
3354
3642
3007
3759
2058
3238
1862
3673
619
1421
314
44
2577
2168
1064
3776
2757
1361
828
3829
1915
3015
1282
3179
3183
3719
2267
3701
2123
1092
602
812
3841
2470
1308
416
3620
2440
756
3549
749
3378
3591
2608
1828
696
951
2542
656
3037
949
2398
750
1280
49
3522
2868
3304
1220
2553
791
1081
3612
1462
83
13
1897
2576
308
387
824
871
576
925
2716
3220
2014
2516
2860
1696
3032
860
1035
2760
2544
2284
2392
1533
2097
1265
3528
3209
1544
1586
595
562
3828
52
722
3313
3901
3208
2218
319
1976
2109
2947
1188
451
3224
1418
1189
1882
2899
2756
2914
3746
3553
3478
1405
820
2146
2630
1968
3048
3840
3615
1023
1466
3571
2590
2049
2037
2417
3700
2691
3440
203
593
1062
569
3652
1293
3909
3883
479
2248
1127
3885
1472
622
3295
327
3580
334
1767
1857
1095
2441
2094
803
395
587
3560
2215
1424
143
1086
2785
1739
2653
3004
1707
3106
880
3005
835
34
2916
372
3810
3515
1028
2210
2312
563
3704
2196
3112
3881
3734
1402
3143
2532
1506
662
2942
3465
1483
3875
2012
977
240
2006
1370
1316
1759
1602
3423
475
3213
1039
1434
3113
3894
1713
3322
2306
3808
2680
717
3831
161
2379
2894
223
3473
3789
1107
492
3512
549
3463
2191
1289
2209
2740
3837
2991
140
1205
1253
2436
2572
1519
642
1662
3426
3565
2410
1717
463
624
1706
3758
564
3732
1285
2844
1054
3058
2220
3017
2172
1600
3517
79
483
741
1842
237
1939
1436
287
1787
3631
3506
2547
471
3804
3497
2480
2087
2907
3173
3583
3710
2918
611
739
936
2493
691
2056
3435
1723
3801
2536
979
491
110
2491
2173
1325
1906
85
3887
779
332
881
2866
3345
2067
2739
3555
2784
1378
498
2599
1078
1029
3391
561
1525
1380
967
2201
1498
484
842
530
409
3717
1105
1742
2898
3722
2858
156
3674
2735
515
2951
1165
1390
1989
1290
3174
3110
666
3434
3761
165
1790
3009
78
1047
2371
2409
3225
1245
3867
731
3275
1880
1918
1946
1133
3905
1963
1214
1167
360
453
296
490
499
2044
3531
1283
1479
1542
1574
1922
3124
2775
3265
3298
2889
3702
1252
1547
1858
239
482
2643
440
1295
3621
1332
357
2920
3689
2581
1984
3325
1343
1545
2158
2744
2506
408
1514
3744
54
306
2510
3065
907
776
3382
2604
773
2159
368
1274
1076
2990
1778
1529
954
2591
3139
2810
2199
2696
2596
1417
3754
1406
2895
252
3441
2405
2459
2384
3736
2753
1610
394
1861
1806
3760
3159
3266
3336
816
1799
3763
38
465
1740
3361
2989
3563
821
1625
657
3588
1352
1056
572
2317
3294
2325
150
3659
215
1750
1140
2261
2697
735
2388
11
683
89
573
1570
702
3774
641
3677
1832
1216
3028
3269
3318
1912
2204
71
2719
973
421
2924
2876
2063
872
1449
2620
1970
1925
1698
3359
29
3330
830
3747
3559
235
2617
2966
1221
2628
3409
1096
1793
1780
1712
3300
1526
804
3461
1685
752
1463
1044
2273
566
3268
2237
1
1716
3855
839
3111
101
1853
2162
2975
3331
1962
2419
2148
1286
2958
3376
1735
2238
1080
2302
1091
381
2930
761
2961
2793
0
1869
2444
744
454
1628
1573
1250
3542
