338
35
1876
3869
2208
1249
3007
1779
675
2915
3233
1728
1379
3293
2903
287
1915
921
840
1452
2136
3065
3075
465
1167
2735
1660
1347
441
2798
290
1572
2265
728
2755
654
1071
3683
1261
3418
2480
2120
1393
288
3451
2590
271
3056
83
2221
82
3383
2137
3564
704
1658
2433
1121
3071
2214
1633
2242
3257
981
2613
1557
1269
2513
3191
517
862
1210
2892
3455
218
426
753
3525
1604
2193
2089
3290
1065
2015
1169
734
2833
945
63
3224
2550
1661
3866
3279
618
3721
2878
2522
653
3890
3063
941
478
2989
1107
2286
3244
3875
2661
1830
1826
1760
321
3596
1896
3912
662
2932
1230
2256
482
3249
1579
1578
1028
68
1110
1152
1442
1632
3080
3524
2657
2404
1576
2720
951
8
858
3261
3504
2274
759
1738
2072
3337
3812
43
2290
1332
2191
2535
1492
3179
699
480
208
852
2511
2824
412
3880
3031
1512
2687
1117
689
3755
3464
2665
1717
3430
3195
2057
419
2806
1656
2796
245
835
1608
3569
3557
1609
2175
3171
2423
199
294
277
882
2199
196
3567
2899
320
3742
473
2548
3251
2178
2576
3242
3586
3887
2711
3168
1256
577
868
193
2181
1897
737
2222
2813
1800
2983
1903
283
787
1014
3032
3676
3748
2496
2337
1589
471
2523
3885
2787
2945
1542
3147
1749
2876
1420
3900
2950
3132
3873
203
2144
831
205
337
3509
1127
1828
938
1217
110
3184
369
1238
3795
1067
3563
1279
3806
2908
3385
2494
3594
118
1135
2901
960
455
532
1901
2803
1234
2233
469
2738
655
1639
1742
2422
459
2642
1319
3386
731
95
1073
2475
616
334
828
1102
414
2440
3174
3450
2793
3770
1491
3749
2809
3514
1809
2389
754
2029
1144
1781
2483
841
3255
775
3393
820
3588
1294
3353
2708
1286
1834
3492
1424
17
3916
826
1313
3909
413
377
1950
2437
819
836
1942
1228
3813
2956
3151
2570
2241
167
3715
2959
3695
1652
3903
1082
1888
3914
854
2506
1287
1432
834
1252
2084
352
608
29
2639
910
3380
462
363
497
2038
3146
2212
701
3245
713
1478
1722
3182
3482
512
2836
646
3062
2965
2745
610
1591
2757
2200
3410
757
1832
2705
1523
229
3591
1528
41
2357
1872
1763
3401
3860
2766
3389
1976
1927
2401
1713
272
1231
799
3833
302
2234
1836
2111
1051
115
3269
165
679
3831
2923
2841
2376
3546
5
3659
1025
2732
3644
2195
2388
682
372
1037
2048
3186
3619
347
3518
2086
1631
121
873
639
2888
1439
1043
3444
2553
3310
791
2931
518
705
3317
2673
2445
2207
3814
1091
1785
968
1413
3751
967
2166
3413
3121
1958
665
3308
2413
464
1276
3323
340
1883
1909
660
463
2291
2342
988
1521
2255
2731
2574
106
2150
1084
1329
1453
2526
3145
1735
3777
1715
2039
793
2579
2930
3011
3533
2594
1593
3156
3328
1594
1607
1919
3520
3223
1047
1318
2252
2741
1186
331
2949
1602
62
2942
105
2941
2229
545
3409
1787
3677
1427
295
2277
1207
1010
928
647
1820
1489
89
1971
1385
2783
3519
1793
292
2621
1655
1967
1670
3023
1987
3459
1164
3076
1154
2792
158
3417
830
3276
1262
1989
1653
917
104
2778
2009
733
3424
344
3582
2469
3539
266
3802
3448
333
661
3333
2443
1351
1462
1391
1732
2434
3399
3769
2372
2358
1811
59
3888
3352
1704
1184
2118
162
585
1026
325
3270
1585
3689
1274
2953
1402
3722
2278
706
1401
3208
3436
378
1875
1940
3739
601
1486
1706
914
1197
2002
191
2271
3110
2132
632
1430
1035
3768
3776
658
2850
1630
2456
974
548
2978
2497
3587
3688
2990
103
2568
1662
1962
154
1494
2292
1931
3736
2633
837
2542
1580
2279
2995
1509
3252
2957
3021
2179
3197
3115
815
760
3228
1198
789
3526
848
552
3440
3134
3640
3082
1270
2595
3002
2251
2582
698
2600
2204
1199
391
1075
1031
1421
1540
2723
2439
3344
2765
1
1531
2349
3631
3085
3320
1284
1669
1137
3732
2091
1365
676
1812
3278
1999
598
891
1854
1174
1530
1036
1877
1546
248
2448
1874
2088
3537
1802
949
801
255
516
2776
487
1223
3694
2851
234
1485
1587
3193
3507
691
584
24
758
3304
3854
3374
358
2014
844
1856
1626
687
2209
209
3642
3338
328
1431
3500
859
3796
3120
2770
3246
2701
2410
3423
3864
2042
2946
1451
3486
476
3107
1552
1352
593
2877
735
1157
1753
1839
1948
389
3431
1027
867
696
3681
3740
2121
1643
2879
1603
3765
3827
3543
430
3559
185
279
2172
1726
1115
1627
230
1155
1878
3498
2343
2875
587
3009
2918
2464
362
535
3505
1860
1606
1185
2674
1132
839
1867
3822
2268
2649
1700
3302
3247
782
1257
74
511
1109
1881
3260
712
2435
2928
1620
573
3234
2758
514
2117
2614
2856
2820
510
2465
3583
3059
3467
708
12
1517
1214
2904
3272
1304
1103
1991
2022
404
1614
1445
440
477
1914
2907
2095
1731
2996
2354
1000
1416
2051
129
3347
1203
1595
75
3808
2153
744
3175
540
1140
2122
3170
3618
3339
3029
3357
1774
3886
2028
2611
1049
3590
96
3690
71
1374
3453
1584
3549
996
1301
650
1617
594
485
936
2593
3750
3704
1046
260
381
1105
483
481
1076
2837
2348
872
621
2802
1052
2791
641
2369
2800
3719
2479
3781
1438
3896
2565
2309
122
3038
2105
2384
528
2397
1050
1008
1410
1344
2152
979
502
212
3493
3853
3093
2368
442
2126
1182
720
201
531
2116
2911
1093
3277
2313
2449
3757
3314
1615
1983
2133
1467
3826
2065
2041
1425
3626
3177
600
2382
130
907
1501
2751
296
2304
2815
2453
1145
332
3158
3313
2847
2198
1321
1149
1384
715
918
3342
1212
3443
739
1939
948
178
3433
2730
1200
764
664
206
3797
2667
2262
274
237
2821
2100
2874
438
3528
2944
76
1649
607
47
3610
3040
1267
1612
3600
3766
1823
781
1070
368
1388
3515
962
3788
2484
3074
2727
427
61
1534
3036
3265
515
1605
3789
2867
3643
330
670
3407
1804
1083
2680
1349
2032
2762
2760
2487
624
3846
2828
3449
107
2370
2917
1126
3220
2492
2077
2085
3012
3653
3041
1654
1759
1507
335
909
2082
1053
3185
216
2991
3256
2864
763
1503
382
336
2468
282
1376
3008
119
1651
2842
2963
461
1645
3787
2176
3547
3741
231
2303
700
3405
3565
424
657
98
2069
3295
3495
906
2625
3381
1017
3899
542
1407
2330
523
1559
3574
2575
3143
1029
3230
1977
2316
1890
1265
15
1644
818
3351
1716
2114
895
1895
3654
790
1315
493
3266
3089
3839
1041
1369
3039
919
3054
3494
1791
3651
1676
3019
751
2142
2785
3421
2438
417
2491
250
44
1933
1263
1368
3580
1048
297
1078
139
3882
827
1928
2913
1296
3622
2371
3716
3530
3303
1997
1323
931
1904
2341
1570
374
3488
1015
614
3241
1328
197
2694
3124
984
2909
640
2188
409
1837
361
688
285
437
3698
1411
1868
575
669
1415
2617
2981
141
522
1590
2402
2254
3691
3131
969
709
2403
2704
3142
1968
1168
3855
2596
3046
3363
2108
2473
3126
3367
3856
1123
269
1686
3105
2521
1345
305
1377
55
147
1768
3081
1816
761
1316
10
3512
3603
2030
1718
3091
1355
3859
3756
3491
2094
70
3561
91
595
2683
3838
254
1803
881
783
3239
3027
1326
3078
2515
3637
2684
850
719
1511
2583
1910
399
3889
2781
2169
1924
1226
3550
3841
878
813
1913
795
871
65
3693
3067
2202
2211
1752
2691
1582
383
1099
2962
20
2524
2817
3714
2664
3792
586
957
159
467
3150
1710
1463
398
847
3415
1911
1283
1018
725
3904
280
3335
3735
1171
1246
982
2886
49
224
2409
2671
2938
2157
2588
1001
3711
574
2623
2882
1337
989
2961
3573
3902
309
143
221
3356
1298
2733
241
1685
3728
3299
3633
2187
1194
1917
2994
397
3456
1125
433
1598
16
238
2012
1908
1619
3634
1335
1414
3639
987
3865
1533
1734
498
1646
3092
3231
1134
2976
2248
387
1571
3705
1396
2577
2426
2610
2717
2857
2154
1081
845
350
1938
1170
912
651
2534
3779
3542
2281
2822
1683
1259
1173
2016
3227
812
2063
85
2020
3897
2540
422
971
1364
1844
3117
3378
2698
1215
1480
3250
3475
3780
927
1281
77
3670
3163
2147
3258
3280
3370
3376
1024
3871
568
1920
1624
2459
885
1498
1080
1236
3560
3300
2080
3396
926
1268
1159
2725
278
3068
3035
2237
1205
1193
1515
1356
495
227
773
956
846
1499
1500
643
1112
3403
2615
456
3783
1797
2748
1684
3898
2197
176
2883
1409
3579
1359
1448
479
1282
1113
993
400
879
425
2998
3503
3908
526
45
1621
3778
341
160
1177
2672
2640
1471
2647
2598
2744
2267
13
2218
1666
2104
2578
1618
2045
1497
2569
3196
2130
0
371
2334
2900
1786
536
777
2007
342
2819
551
3895
3013
638
1782
659
2427
3331
1460
1680
3398
2170
2638
2408
1756
1504
1581
3129
2258
1418
356
3629
866
1280
792
615
2455
2804
3679
3139
1482
31
21
353
1765
2061
3623
749
80
2573
81
2592
1943
2113
884
2544
1196
2300
529
564
1227
2910
2124
3213
3030
2006
423
1796
2503
1586
2652
458
506
2885
3254
2619
7
3878
323
1741
219
2431
3298
2068
2378
1955
1320
3746
57
1436
3747
3264
2743
1723
958
3710
228
3218
3437
3028
1358
1245
194
2697
3641
3015
1522
3088
1273
2862
226
3268
2512
3661
2054
2306
322
3420
3675
3001
2135
3650
1348
207
3660
1297
1472
3377
4
950
1810
2134
1518
360
3738
856
140
2244
2873
3534
2217
1990
3804
3662
2969
1331
281
1776
3531
972
1899
242
1953
2602
1687
1541
1208
1260
718
175
1183
1730
2768
1487
1628
3863
2259
922
990
2832
1693
2750
3014
3094
84
1894
2500
73
3102
2508
1668
829
3465
2870
1068
980
1360
3513
180
2651
3445
1930
2325
2257
265
3428
3686
2194
411
572
1600
2023
3835
3138
3658
2589
2861
1254
116
2799
3010
359
2131
817
3712
179
2608
3049
138
27
2797
3033
3358
963
666
2707
1822
3343
450
435
2628
1636
3283
767
2411
2742
2954
2866
1180
2726
215
1038
3066
1747
94
897
3432
460
1964
3311
3611
168
2485
642
2646
3571
2374
1508
934
1679
2405
579
3548
1691
1044
2421
2398
3562
3706
1056
570
2948
1461
3100
2839
1034
2319
3101
3807
3288
560
1166
1465
3297
2558
3086
541
3881
2557
1762
1477
1547
994
583
3321
1794
2626
3425
1905
2406
3236
2958
2224
1039
1936
3083
324
1592
2855
3103
244
78
1884
824
1539
2171
195
507
2425
2335
1060
1852
2239
3349
1336
808
2896
177
3506
562
1714
3552
2736
3286
1188
3906
1003
1389
2164
711
992
596
3666
3578
2555
3602
2830
1648
1378
1020
1464
2087
1476
1678
23
3205
2145
2380
771
2305
87
37
1178
1681
939
3536
2686
2093
3161
2298
1346
2894
1247
1858
3697
1334
2417
740
913
2546
2854
2612
714
184
3699
809
3819
747
1558
1650
1361
3325
2123
2925
2050
3419
3360
1128
225
975
2488
3165
3499
1002
784
1160
2972
1537
120
3439
2985
3211
3422
1505
901
2564
2552
407
2660
807
565
3624
3468
1672
2902
204
853
3090
2507
663
554
3061
756
2825
3707
170
1974
3312
581
1381
1209
2984
3316
1708
2146
1821
2997
2288
346
384
1916
150
2329
3532
3160
1202
1703
3760
578
1647
46
3355
3708
11
1133
2261
2331
501
3649
3911
1833
2539
1982
2848
2067
1278
2227
3332
447
2658
2993
2386
2786
567
3292
468
3259
2982
2321
1657
634
674
3016
802
2699
1560
1295
1484
3867
1090
619
1437
2161
3435
876
1293
2759
1181
678
3502
2845
916
3462
2509
3597
3000
3411
3282
3517
3109
2979
569
439
1642
2216
2669
2472
60
1341
166
1538
2498
811
519
3045
1232
1100
1300
1429
543
446
1842
3114
1748
1019
1719
214
3384
125
3359
169
1097
788
2728
2236
3219
1458
157
1455
1861
152
3790
3678
3613
2173
1444
2270
131
2662
312
768
612
2518
3395
2779
2580
2846
1007
2101
892
644
1764
1526
1601
1767
113
748
1289
3828
3669
1846
2719
247
3119
620
3672
2205
410
2460
3097
1519
3122
52
1242
1342
1023
1966
2532
2773
1739
1562
273
1147
3730
3461
1277
2692
1707
1187
1165
1778
2285
2
1096
1984
2715
146
3207
1469
2005
187
1457
126
2881
2616
198
236
2980
39
3271
2344
2676
2986
1963
1143
2312
823
1098
2294
2099
1729
3809
1529
3568
2859
2863
3576
2301
603
3817
1272
486
58
1690
355
1682
1757
2035
625
1561
1244
1156
3577
1985
3470
3713
1565
2060
3329
3674
902
3003
3072
1934
1568
894
3024
2645
36
2419
1907
99
92
1314
2849
3553
592
38
806
431
416
2584
1536
1488
3210
2739
2047
2432
2396
379
2960
3487
2228
1435
1382
2284
2603
1440
1239
1506
3723
1882
935
1772
3397
3238
3361
1746
1066
2393
69
2801
2891
2531
525
533
3540
3598
2052
896
1961
1745
2767
1483
2563
54
2834
1481
857
2143
1380
3652
3434
474
3069
1150
1426
905
3136
3625
2489
2644
3477
1808
3608
1807
3476
1108
2690
251
1221
2390
973
2811
3388
2036
2226
306
1285
239
1798
1947
3664
64
3844
3605
538
2537
2350
1532
555
964
256
1697
3306
1419
3753
3615
3447
1993
3346
1077
220
2103
1240
2391
1951
149
2679
695
135
3178
327
604
1175
2718
2081
3761
2689
2338
2629
626
3047
952
2447
2457
222
3044
2624
899
986
1016
2182
3248
1251
2148
2055
3727
50
232
2775
3905
2966
2317
484
264
48
3235
673
2734
1211
2414
1885
3874
3478
721
2385
348
3484
887
2666
3551
2444
1813
3892
1799
1699
2970
2174
1829
1555
1322
3535
933
1902
418
1845
1635
3064
631
1510
3243
3037
2912
1556
1473
3390
475
3601
192
1395
677
366
235
1131
1773
1092
1566
2373
2562
1965
3913
1957
1817
1161
2685
3879
1725
2585
1849
1116
2467
3772
2713
940
3703
2559
3915
729
1366
2192
1394
1122
2517
3836
2299
617
2247
2046
3803
2215
2297
2790
421
1535
2008
3541
558
2264
3133
3203
375
3858
2420
304
1220
1944
3701
2062
3153
1827
428
2083
3824
1959
991
2429
3154
2375
3463
1805
1450
2441
3801
124
1527
2213
685
3758
326
51
1972
22
2936
2001
3685
1889
3164
1863
1449
1118
1042
2838
2772
1311
1769
3099
2869
623
1616
1139
3884
1689
2156
233
1400
785
1789
2988
2895
2818
2034
861
1218
930
2520
1387
3799
3800
774
3745
2399
2263
3327
602
1302
2926
3391
1857
66
153
56
258
513
2476
1146
1564
2365
3798
2412
2326
3638
2353
408
2724
3005
2906
1801
780
3773
2011
213
1981
1949
803
1818
524
3901
3692
2681
2769
944
1061
3472
3106
851
3668
1970
1597
1677
727
496
1973
385
3609
2753
114
2898
1264
2024
2501
3200
2826
2000
3883
1495
101
1330
1663
2599
1770
3373
1998
2556
2220
2914
2110
345
1306
2289
1771
1375
2230
3382
2112
1941
1743
3452
3084
3767
1588
3406
1104
3144
108
1058
2446
2490
563
3116
1751
3687
2933
3364
2058
3212
339
1694
3104
886
645
1470
1258
889
1835
3840
2637
814
2394
953
3861
2601
2098
1887
1912
580
436
1563
890
1399
2591
136
1417
145
2026
3606
1111
3348
434
2635
3427
2033
3510
2829
2538
2495
3523
3412
2381
3529
1030
3527
3893
2746
3111
865
1611
155
2168
2360
3876
298
156
1994
1921
2581
649
1758
2677
1055
1573
694
470
3646
3289
315
1702
3632
2893
2648
3188
1085
1623
2339
1979
1370
2604
112
1086
308
491
923
3275
1622
1475
151
943
93
1667
291
1158
161
1569
985
249
1847
590
3635
668
3850
500
965
3240
488
3830
3394
1695
1138
539
1057
3189
703
3253
1493
2450
3130
67
955
2561
2729
582
3612
2336
797
1792
2328
2364
3843
1275
1120
1474
2141
798
252
2163
1191
1201
2549
3206
2428
2280
1433
148
3763
3782
2203
2253
3645
597
1640
2296
2139
1479
2865
805
2400
2655
3575
1288
995
1422
736
3408
3159
924
1502
2586
3330
2243
406
1339
2149
1675
86
3387
1308
2451
2641
1490
3702
2201
3369
656
2474
2324
1766
451
394
2379
127
2670
3162
2322
2162
877
3366
1383
1087
843
521
589
2477
2636
1705
2756
1468
189
1406
1195
637
1290
3825
1784
1873
3123
217
2486
1574
2462
2293
3187
2345
3336
3621
3593
3073
259
3004
2860
849
3849
2346
453
2377
3466
1179
1780
3852
2249
3232
1423
2752
2924
3516
19
1880
772
1398
1709
2967
2937
693
286
3907
2794
3167
3096
2754
2361
2155
3733
2551
2964
652
1975
1136
3717
373
3022
1129
3017
3829
1922
816
90
3057
2714
1673
1225
1925
3169
3460
111
490
1935
1775
261
742
3657
2367
1900
6
449
2037
2160
1386
710
1362
2246
2897
2362
3098
3052
2587
1554
300
1665
3274
1545
741
174
3764
508
3152
2073
692
18
2018
3457
2722
1063
3215
2812
3354
1434
750
2566
2184
3050
2470
1838
1095
1871
2180
2761
1021
133
2359
2138
2351
2654
3877
3237
1291
1403
1447
186
2355
3847
2533
779
3630
100
3181
762
2514
182
1625
3471
3141
3229
821
1583
3404
1412
1069
33
2971
3060
976
3157
3222
2871
2245
2307
1567
2702
2916
1840
1525
3458
489
2951
684
2632
970
1843
443
904
2053
556
832
3818
3655
1855
1088
3442
2219
1013
1671
2250
2527
915
932
30
3555
1969
1333
2693
415
243
3538
2805
457
2466
686
2395
2140
2947
3474
3375
494
444
1978
3837
2109
776
1496
3070
2771
2816
3048
1825
630
2231
3287
605
929
1866
3592
1317
3752
3671
3663
800
1664
1819
2505
3273
553
1089
1443
2318
2630
26
3682
2352
2810
2663
276
2127
2547
386
2935
2952
1119
2366
2987
966
3079
2017
3554
2189
393
2782
3305
3673
946
1343
942
3322
635
961
445
2788
388
1548
2920
310
3589
1033
1441
2340
3584
702
1610
2295
2177
3018
1737
2458
1892
1428
2843
1744
3607
183
680
2835
752
2560
1233
3636
707
1733
2151
1596
1720
1054
2643
3570
999
1923
1367
769
1224
2165
2075
1956
3771
3392
3762
1059
1219
937
3544
550
1701
3020
1524
1906
1945
3324
2696
3490
3522
3319
3718
732
2992
2955
181
2554
633
3454
1986
2650
908
3296
3053
188
2721
1960
1307
1327
429
3006
117
2808
606
3112
2311
505
588
1190
1305
3483
3149
2102
3345
903
738
3805
3034
959
559
268
838
1072
1864
2605
2392
3820
2119
2499
2269
3176
2934
2125
1101
2977
3042
3365
3199
3508
1040
3815
1850
3055
2049
3479
954
354
3043
3842
3724
3521
343
1736
509
2356
3726
2880
1952
2858
9
1815
1918
1011
2471
3872
1363
3647
1456
3469
2939
3113
1241
163
142
681
270
2107
717
1454
2044
3217
743
3438
1235
172
2695
2709
1761
2716
472
504
240
2749
2452
2043
3198
1674
3734
1192
1740
3910
275
171
1637
2013
3700
3696
3774
3823
1006
2777
396
2272
454
1310
380
1750
452
289
1806
1551
3429
3870
420
2884
2027
1204
3416
72
2774
3263
2905
2320
88
367
1357
1869
1172
2609
672
316
2004
14
3821
3851
3341
2056
2223
3180
317
2074
1698
547
2092
3371
746
2240
2668
2545
3785
3832
2190
3307
3155
2031
2519
1926
3414
1466
765
2025
1062
863
997
2275
1870
822
2418
3077
3731
2853
2059
1544
2078
804
2807
755
2927
629
2737
3599
3326
3614
1213
1641
2302
722
329
3058
3281
2618
2675
683
1408
1514
1721
1859
2186
257
2129
2347
263
2283
97
2999
3294
1248
3791
1309
3784
2631
1216
1879
2656
190
137
766
2844
527
1520
977
591
3285
3857
3284
3216
2571
842
1222
1324
3794
390
2478
2070
2273
2940
53
1373
2536
2442
2504
2407
1372
1575
3481
1891
599
2196
1392
883
503
2159
2840
1996
34
402
299
2975
1841
613
123
874
3566
1459
2706
2266
2606
2872
1553
1397
1012
2929
3793
2541
3204
864
3267
3192
