1070
155
1965
3101
1168
3179
2074
1149
1738
3182
2435
431
1931
3602
3766
3414
2014
505
2935
997
2163
1099
1337
464
1666
3722
325
2296
1582
3850
2908
1470
2885
2357
3385
2090
2256
2730
3124
2983
197
3404
3037
1306
784
3417
1455
3041
1855
2708
2858
3284
2991
2904
2505
2362
865
1119
926
306
3505
363
688
664
1426
2348
600
3803
1274
1471
1313
1573
2469
2568
2830
18
2844
2862
2151
3119
1259
2319
1941
1712
2998
2922
3063
2834
2758
1639
2537
2005
504
3612
2068
2405
2081
2178
1520
2710
2479
1384
1442
234
1246
222
1375
183
827
2098
1956
578
1174
1039
3833
619
446
739
2234
1633
2460
2588
318
916
3729
1591
1831
2759
2660
2042
654
3206
2711
649
2891
1976
2776
2530
2597
416
1759
3557
1414
3214
2055
543
2225
3332
1705
1703
1288
3021
2164
1663
1761
3734
2105
2595
2645
3768
896
2406
2513
2850
308
1389
3489
1097
2661
2717
3163
2638
374
3640
3615
3090
3382
3875
1112
3781
536
3897
2912
415
1235
2715
919
2658
65
135
904
2693
1204
1896
2306
671
344
3096
3538
2535
2786
1664
3065
1570
316
270
1745
2157
2757
3583
1897
3659
1400
1603
2747
1139
3159
1258
1838
526
2728
2839
2938
1785
1929
2287
9
2810
3666
2476
1756
1988
3591
575
3449
2413
614
2346
920
1884
3856
1709
785
1116
616
3878
807
953
2608
3098
343
1503
1495
3590
2960
1641
2266
3809
1218
1260
3717
1592
3862
2091
518
2355
1686
1155
3240
3024
204
211
1121
733
280
1828
1006
805
219
1819
3562
2807
1335
2721
2407
730
987
3854
1193
2874
3048
2108
1751
225
693
482
2804
2533
3472
2372
3675
758
1846
2259
2359
2182
3162
736
603
3720
3171
1661
911
2978
1647
3392
763
347
1993
1689
231
3111
480
1945
3245
721
370
1074
3086
41
1334
3249
3715
1018
1818
979
129
2598
2712
1511
2877
3578
3268
3438
3195
2881
1862
1585
1145
3771
1678
535
1968
3418
676
3201
1844
996
3093
1613
564
1683
1936
3845
1669
3089
142
2340
2400
2955
3416
2690
3774
2650
2723
1497
852
1622
3344
376
2925
2825
1068
1285
3616
674
2871
1280
506
1069
1526
294
2594
2083
2676
2714
2239
3175
2563
2803
3074
3736
1011
972
2639
2538
1033
643
52
389
1539
121
1595
2911
2402
3470
1310
1601
3362
3012
60
50
2888
576
2116
2196
1960
528
2035
1300
2353
2796
3131
2322
242
607
3846
3860
2674
1321
2192
822
1809
2412
681
2788
2611
2337
1948
493
2672
826
2869
3398
258
1176
3760
1667
2327
1581
503
1175
880
892
2687
1329
3485
3436
3083
2026
2267
957
2045
2827
146
233
3560
851
2745
2719
1652
2309
1749
3388
2007
3208
3007
1782
935
1250
3866
1305
1554
2623
1990
1160
751
114
1472
2085
2970
658
2994
2789
321
2437
2579
1516
274
1852
2509
1859
1786
2358
2128
3618
2465
2493
3696
3194
1046
1724
1223
2272
3693
508
2219
2920
3326
2049
3857
305
3103
3645
1820
2609
2696
1926
1783
3769
3304
1090
1422
2704
3653
2558
942
3825
2972
2977
1608
2511
701
879
2669
2859
838
2411
1372
367
3029
636
1543
2370
3503
1044
3800
841
3597
748
621
3783
2572
772
428
3684
3483
3796
3577
1041
1880
1408
324
1504
3034
1517
2396
924
3593
898
1135
2364
969
384
2122
3751
1966
2726
3424
1755
256
1886
3123
2654
3500
2926
1548
1343
253
2664
3095
2368
2915
3661
533
3743
2813
2265
334
1560
42
2713
1747
62
2347
1021
3213
1680
650
2024
1131
438
1385
243
1262
1787
2890
687
152
291
2982
1228
2242
545
3698
201
642
853
2232
3325
3411
617
3851
3376
1382
116
3390
2443
1143
134
3808
2204
1825
3161
3551
1898
3697
3222
792
2952
2458
160
3622
3381
37
1951
1063
3085
1860
3346
2845
299
3534
89
2527
3276
1015
1851
3145
2102
1764
1002
1695
1614
1977
2218
3471
1085
2856
2583
1878
1407
1361
1816
2766
1138
2110
1239
95
2281
3403
1824
3831
1352
2499
2171
2616
1906
583
2463
3499
2328
3899
3598
2798
537
25
3204
3839
2448
1482
3384
983
910
1637
699
3454
2614
3486
1606
778
740
1566
839
2940
203
388
448
1284
2289
1096
2011
2305
1959
2457
1839
3509
1210
647
139
661
373
3655
2942
2580
2602
3043
3125
2832
2496
2367
964
2047
1158
468
2902
1355
2548
682
1696
3678
1319
3898
746
876
1404
3911
354
440
3312
2393
3084
861
1881
3017
3493
1213
3686
2291
2613
3759
1506
1304
3671
3282
1169
2913
3040
1439
1030
3556
635
2599
1974
3434
3300
3914
1008
1252
15
3559
1386
2762
2378
835
122
3744
507
46
3466
1293
2838
1615
1905
702
828
2846
832
48
1642
461
2512
2361
595
2718
1656
1942
3061
150
2002
1440
2338
2679
2995
741
3741
3790
1095
196
973
2332
2441
3133
3755
623
2861
3563
1596
2814
573
2173
2951
3895
1065
2030
1238
2739
2883
2031
3624
3407
2895
3263
3008
2403
2663
1830
2886
3852
1084
530
2618
2522
1038
1086
2104
1184
3419
2600
552
1908
2591
3780
2596
1895
401
3620
1679
946
1320
1247
1271
563
1485
3142
141
2811
91
2761
1523
3600
2142
3062
3016
1028
2993
3905
88
21
1795
2147
1594
261
1772
2246
3108
2140
3479
368
175
3649
340
3902
1789
679
1023
445
3799
1022
1164
3252
1089
2979
2470
3357
3155
512
2837
513
1098
2084
1937
3087
2607
2491
1363
2953
2249
477
3869
1356
3410
355
2040
923
2737
2484
3334
1986
171
3378
3887
3396
2779
2217
3387
3515
1151
1659
1076
3354
177
3045
3277
1769
2414
3772
2209
1991
1457
1980
558
3156
3518
1806
357
2243
692
3174
3260
216
1577
2442
2521
3647
2286
3459
2036
1153
1999
1188
2310
3832
1024
3051
3223
2135
1971
1500
2685
3437
1362
238
697
1436
561
980
1483
1911
1268
1165
1413
514
2124
2066
945
1366
1619
804
2543
165
2283
188
712
3654
1345
195
3699
2125
1444
1803
1092
3185
1674
2625
3221
3110
1827
110
3230
3797
2823
1742
2165
3280
1053
2817
906
1719
546
1964
143
2015
3441
1928
715
2652
2590
2315
1428
2914
3200
111
3444
427
3154
1412
755
3339
3361
2976
684
1249
3044
2968
3076
168
1730
181
2409
1814
2284
1877
3579
351
1419
2388
119
1916
3864
2854
2255
3130
2099
3689
2044
3219
1609
3540
3784
795
2100
1278
3207
2423
1251
1049
1073
1657
1308
934
1130
719
85
2836
2034
3209
830
2677
3838
1967
1318
2432
1854
2681
3521
3711
2032
1944
3473
1584
3900
2847
3160
71
2201
2134
2835
3447
2633
3211
1144
2973
3157
2529
292
417
3594
1901
2604
1438
1261
2585
1034
1189
1327
1762
651
174
36
329
2555
1735
960
1713
1195
3013
633
2929
2937
2528
1292
3415
250
1725
3011
1198
2377
2120
2247
3588
3801
782
3490
1448
2341
1826
3728
78
3170
2061
1298
2421
1128
1122
1533
3652
2738
2445
529
1082
3873
3721
1869
1565
293
970
527
1788
2427
3122
3701
3238
3589
820
1341
2235
3524
130
245
266
3027
2494
3586
2379
3071
3487
2984
2329
786
400
1458
2481
2404
1685
2742
3292
2515
3581
2452
1593
3302
1963
3737
3107
3020
3677
1000
1509
1093
271
2615
1177
2582
1106
2170
3038
3817
3776
1019
1451
466
2113
1101
385
2155
1054
1080
2564
3180
298
1392
123
186
2699
3761
289
3890
988
66
3739
2876
102
2350
2325
3298
510
202
3259
2686
3687
214
1527
178
580
3608
1578
29
3055
2127
1746
1955
2680
2581
2956
2682
1790
2013
3115
3374
2336
1125
3299
2386
1136
3916
2058
1031
1330
2472
846
3028
889
3135
2365
2109
2344
2907
1871
888
404
1726
2523
1723
3319
24
86
2870
2161
1104
2497
3829
1105
2389
3099
3172
3128
1224
158
209
2492
2619
571
1628
2866
855
808
3138
2520
429
73
1598
3475
1200
1159
1379
1706
3134
399
958
2657
409
1154
2880
2483
3427
1397
759
2078
894
2774
843
2094
1267
2216
1351
1273
200
1731
608
2073
2971
2917
3785
1037
365
1373
1829
927
909
2754
3305
3792
3632
2206
1192
1009
551
3657
481
2627
2352
1004
1114
3409
2707
3231
590
396
117
3269
2700
3047
685
869
3516
283
1655
3570
1094
3904
628
3457
3915
2524
3058
2186
771
469
2782
3365
3705
1449
2077
422
1272
2518
1684
2678
1970
1434
2729
410
286
2248
2097
994
984
1227
7
1635
2525
1957
1396
3877
998
3216
247
1822
3353
626
937
1588
2948
978
1478
3152
1108
3525
1530
2053
2059
1675
2506
2136
1648
2893
825
2709
1390
1940
1473
2882
3283
3358
1765
2576
710
2833
542
2692
933
278
2067
2383
3892
3322
844
1521
3069
483
929
2194
2921
1763
956
105
1587
296
666
3498
1374
1662
2374
3681
3177
3702
2321
1757
1671
189
2174
675
1353
93
3627
1939
1067
2380
2241
3225
484
2605
3149
773
1501
3806
1435
2720
2772
1989
1289
3758
3273
2601
3644
1488
3015
180
1358
3812
3372
1042
2603
331
218
418
1542
1126
1853
3880
1222
3314
592
3726
2853
1141
2545
743
2574
1717
3727
2997
531
3901
1924
2872
2335
3893
2999
1368
3234
1243
498
1536
1701
3257
1296
137
2549
358
2665
567
1914
2740
3458
3350
3468
2060
1932
450
793
2121
882
2009
232
3247
2385
70
300
917
2462
269
2544
874
2118
2390
812
2253
56
2488
765
2096
2963
724
2547
1998
2227
3141
1629
735
720
2860
962
2927
3635
1835
1902
159
3549
1874
922
2675
2324
2643
2429
136
1170
2185
1535
3530
1317
3406
943
319
1599
1486
3237
3212
3377
3641
3059
3510
2892
954
734
902
3574
1
1734
3453
1934
566
915
11
967
467
860
1801
1620
767
2735
2849
3767
2434
1441
1453
3495
54
3476
1378
3289
2195
3660
10
1492
2477
2394
2471
3742
3351
2318
744
1027
277
3256
1226
1057
1207
317
1538
3329
708
1064
1616
3386
2342
2063
2490
2753
2114
2313
2642
2748
1702
1056
2873
3520
1134
2439
707
2467
1182
1476
2158
490
3271
3456
2571
809
3773
2900
61
2909
3865
1505
90
992
3218
959
622
455
3321
176
3295
3798
2916
3643
1240
1791
349
1242
3889
3631
1370
436
925
823
2727
3543
320
1553
3601
3554
1350
2775
2392
3662
2815
64
3243
900
2304
3421
2701
290
696
2451
534
309
115
1219
3412
107
3508
3617
2541
2809
2852
2160
1409
3517
3619
601
476
1525
1558
3668
3117
862
452
3756
985
2559
3401
3607
939
1007
655
1286
918
3596
3680
1741
2785
709
817
3307
1847
1528
3496
690
2420
3291
3303
2741
3097
3127
1958
570
2003
285
1954
2884
173
3733
1861
2536
3642
2508
2841
1388
2800
2763
443
1283
2504
3296
3716
166
2987
1166
412
1645
2697
35
1339
2274
2897
3345
1232
3046
1452
479
3356
2765
2231
2957
867
1774
2868
2294
58
3912
3469
2169
749
1630
1454
2207
3789
198
2382
3309
1953
3709
3565
1823
1621
3872
2297
2168
414
3233
2673
458
1162
3625
1124
426
3105
2079
2276
1590
725
989
1072
2399
2298
999
1103
330
2988
2683
131
132
1459
3391
2624
221
2146
3762
227
3651
648
2539
279
1369
509
327
3650
45
44
55
2356
2540
3373
239
2889
3439
2666
612
1416
3422
2450
2468
413
2964
816
3080
2010
1211
3804
897
125
2398
1549
3527
140
1802
1930
252
2635
3827
2205
2270
631
1181
387
1866
941
1421
3126
1848
1225
895
2560
3567
1216
303
2238
1687
2797
97
1981
691
2050
3859
632
683
2183
557
199
2188
3704
1883
2969
3010
185
3272
731
981
3114
2503
2001
802
1111
3324
1793
1600
639
381
3813
3882
1236
1952
1475
2000
678
662
2532
2636
1694
3173
2670
2150
3754
2132
803
3281
3054
2706
2519
3395
2022
1984
3667
3844
756
3369
3366
3430
1234
3888
569
3380
3903
462
2733
2129
3003
1962
2048
3779
1604
2144
2279
3896
2689
2688
1196
2189
1229
2569
3691
665
1811
3228
2210
154
3056
788
653
3564
1556
3826
2262
3166
1045
2887
3328
1163
1576
3014
1975
2773
2137
229
1996
2771
157
3636
1985
602
1371
2634
312
2252
2878
2510
587
2363
1186
871
667
1870
1248
1677
3370
434
2419
2436
1502
3146
905
2043
2082
1697
1083
556
780
1660
1393
393
2801
554
1173
663
2554
403
405
1403
1197
2257
1467
1344
3791
2152
908
3106
3109
3592
814
2824
670
1672
1720
714
750
2221
3724
1700
1309
3241
3467
1867
3246
729
235
2025
1316
2486
1347
16
397
2818
1127
1026
2180
1020
1446
1474
1699
1617
903
179
2224
149
1807
275
711
3342
1611
486
698
2962
586
752
1900
2724
1887
539
3446
208
836
562
205
156
2863
2028
517
3907
2996
2290
1658
1753
3147
1716
1132
1241
210
3139
3019
1978
2208
2557
380
1180
425
1714
2039
3006
1079
2840
3788
2016
1557
491
2264
891
722
2051
1876
2416
1950
2440
213
2648
3275
1431
72
3224
3368
2020
3057
2826
3288
3265
2425
3876
372
3151
2990
2395
2584
3184
1322
2222
3189
302
3078
968
3867
1840
1550
952
1833
2851
1915
3320
2087
1589
1752
3088
2107
2516
3261
3199
2702
1183
1179
1491
207
1118
3828
3821
3266
677
194
3787
92
3331
1133
1796
1245
883
369
2617
501
2592
1917
521
341
2240
885
40
23
3478
1760
1850
3445
2787
2349
982
1510
1432
3053
2694
2054
1849
2695
870
511
1768
2621
2806
2387
3884
49
3542
128
3
1071
53
2655
333
3315
1349
732
703
1391
3909
2570
3750
3352
2620
457
1559
1148
3546
34
2029
1583
2172
13
2307
1346
2653
98
3425
3820
3313
516
2133
2967
2485
1943
3523
3136
3757
881
2065
74
313
3198
217
1923
2790
3428
955
3847
1255
57
3336
1779
2622
3113
3343
2197
3879
2482
3191
3599
2777
191
94
3569
2698
3079
3749
2214
2808
1551
17
599
3389
1545
104
1036
609
3539
3190
2422
451
1634
3633
3327
127
3840
307
3290
2703
1843
1555
433
2072
1715
2202
27
336
2282
2792
770
1815
3274
2376
2453
3442
1340
8
2269
3628
2671
944
3278
1091
2985
1804
383
1462
2428
2149
1653
3379
3810
304
3025
806
783
2415
3183
3220
538
2038
1632
1277
834
63
745
845
2086
2783
276
668
1012
1291
1498
1872
3595
1359
2190
22
819
656
2299
3355
1885
3399
2975
3429
2828
966
3188
1873
2199
594
1651
2455
241
472
2410
2958
544
3550
3091
3541
2177
2865
332
3719
2556
495
3294
1721
646
3068
863
1864
2768
2831
3646
593
1654
532
3871
3822
914
1205
2501
1773
1230
2764
993
1354
1254
3066
3731
2280
3765
2426
1640
1857
520
2369
1668
499
2446
2017
145
3264
2722
1201
1627
69
2339
2805
133
931
2879
3504
3824
3885
284
212
3349
2314
2397
99
787
1856
2944
1732
3081
613
3348
3120
2945
3423
51
1925
263
2734
2736
2062
1270
3004
2430
3752
705
190
1117
3094
3236
629
273
3512
2802
3433
3676
3363
124
281
454
28
2756
2551
2141
1612
1333
1398
2464
1484
1469
314
2705
2578
728
3725
3248
3287
2166
3807
1690
2864
2691
2444
913
1899
1540
3451
706
2577
2106
2008
3535
1605
611
779
2531
1682
151
3814
833
161
1961
2668
2924
84
1722
471
3070
2562
3605
1836
2331
1665
2981
1185
971
878
6
754
167
3251
737
2263
407
170
1546
391
1381
1010
1737
2632
1312
657
20
1572
1043
12
2947
1315
3426
353
1142
1266
1805
1215
2179
1140
3443
77
2006
3745
2101
640
411
430
815
1445
3626
1190
2143
1338
1199
2965
824
1214
459
2755
3464
2245
3585
2375
456
255
2417
1456
3835
618
3393
2176
1490
1058
2213
2500
641
790
2292
3239
3235
496
1771
2381
2258
1586
1411
2637
1865
460
3648
2064
287
1580
2716
2154
3242
596
2514
2589
2454
694
774
82
3603
1718
1429
2684
1468
2587
1477
315
1882
352
463
1561
718
3323
2795
1332
2612
2749
112
3178
1231
1147
3022
3664
335
76
1157
2023
2126
3606
406
2431
2552
3484
1607
364
1531
3497
1032
2750
3286
3665
1863
3623
1447
3511
3886
439
3748
2302
2333
1420
3176
1995
1265
1921
1571
215
475
1088
3158
342
2566
3318
2821
3460
2573
2184
2799
2
3005
634
2093
228
3673
3217
713
1650
854
2418
560
1913
1295
3531
695
1325
3842
1113
3168
3658
1643
2293
2088
884
3187
182
2480
717
1003
2019
581
2743
2244
1152
1336
1994
2662
236
3811
1171
3375
447
402
2130
1406
3690
3140
3816
3533
2534
3077
3910
81
2767
2303
638
2961
3032
2251
1673
1150
3031
813
3420
3452
3402
3072
1016
2502
2198
1377
3582
1489
850
519
3052
1257
1522
3532
2466
2495
162
2021
801
1610
3488
1061
3502
2187
1918
1987
986
1904
1331
3431
390
3553
1324
361
525
2898
87
3584
1202
2228
899
1025
359
83
371
624
858
1778
138
961
598
254
1051
3035
2780
2644
932
3573
1233
2943
1427
2731
328
26
1740
588
1360
3205
2986
3254
1982
2071
1294
2459
3338
1524
1888
1636
659
1875
1537
3611
432
237
3112
246
1842
2004
1209
1263
100
753
3836
3685
524
310
1812
965
2095
3853
1623
3030
1433
3819
3181
1676
1087
2175
248
3514
108
3000
3576
3463
523
3333
338
2277
3637
346
395
39
1973
1698
1062
1264
272
360
1110
3672
2567
2371
2033
2323
1276
930
2507
1423
3528
716
3165
3308
3855
424
1405
620
301
38
1894
2857
442
2593
837
1910
148
1754
2037
2659
605
2203
268
1646
1947
362
2791
3491
3364
1670
1733
1518
1466
251
379
2610
2334
3039
3506
1532
1625
3849
757
950
940
1077
2822
644
3552
1299
1692
2237
1487
68
2769
230
3805
1081
2939
800
3501
2794
625
375
348
2784
3566
2156
19
3026
886
1743
1569
2041
3297
3841
3683
1638
47
3908
810
1048
3203
2012
1946
1395
1208
449
1794
3545
1161
3474
3753
3793
769
2980
1879
1282
1797
295
1115
3215
3023
1739
2117
2076
2153
2575
3193
187
848
1123
1519
3104
1841
2751
1387
485
3082
582
893
877
3462
775
689
3270
3714
2842
1253
3695
2546
2330
847
3197
2934
103
3064
547
1568
2301
470
1109
2744
976
2018
2628
3843
606
3770
3192
1303
3440
2640
3707
704
193
259
1508
339
109
3432
223
2542
14
781
2226
565
604
474
873
1691
2843
1450
627
760
2910
3073
356
3167
2641
3712
630
928
2236
3708
3537
1562
3169
3526
487
3874
2295
2373
1748
1279
2829
1507
842
2148
591
419
3837
3408
1992
2565
3913
1059
1212
541
3740
311
1217
3679
435
1579
2312
3794
672
2115
2433
3786
3775
489
322
3001
2746
2056
2561
2384
3670
3834
3782
1513
2894
494
1052
1364
3067
2181
2498
2820
1357
3226
686
377
2631
3250
264
3634
548
3630
1808
1892
2649
2300
67
1817
3018
3310
2424
615
2906
912
637
1552
3060
1417
2046
1708
3629
761
1237
2211
3572
2992
1287
3337
856
2954
2474
2223
2949
660
2159
2317
2233
398
1035
2793
2275
1626
3610
3883
831
3674
2111
2311
2069
3621
1681
3465
3587
1494
875
887
2819
2959
776
260
1574
2123
1922
249
2112
1221
3891
951
163
3818
421
3481
1534
1693
938
2923
3148
585
3575
1781
515
420
2200
2606
2950
3858
868
555
3229
3700
1302
669
3815
1927
2320
3547
2550
1832
610
766
2057
1776
3703
584
3143
1178
572
3604
1461
3202
1394
3301
2230
1107
80
2932
3694
3311
3863
975
540
1100
3186
2316
768
553
1711
1777
1728
1323
1644
3450
3340
1736
2812
1460
126
118
1499
3267
2905
2326
1810
1146
3121
3730
2285
3400
0
350
1813
2089
2438
172
1203
32
1949
184
2647
1399
1481
2220
2816
3656
1328
1784
747
789
2193
574
323
3347
798
3747
2261
3317
500
673
764
1191
2080
3050
2725
3778
3285
288
2778
1618
3461
164
1983
840
3116
777
3118
577
4
1129
3713
