2495
3708
3648
2415
1504
1114
2520
299
666
1017
1624
709
662
1906
1219
1907
854
1690
1721
2695
1924
2168
1422
3620
2655
1163
1913
2766
2748
2867
3892
3796
1412
1950
2701
1899
1648
2511
2529
823
161
123
3586
1064
2056
481
1034
2497
3463
1928
2662
813
1524
3537
2921
1447
2225
855
541
1125
2017
1653
3730
2317
3838
518
1767
710
1554
1144
1385
2514
1395
1475
102
3042
587
1010
3608
2157
2734
1135
739
3252
2820
1377
17
2136
1677
1413
3472
804
921
3868
3764
487
3488
3414
3262
3362
1237
2676
1680
1507
525
6
1128
1087
1328
98
79
1748
1684
1093
790
201
1593
203
909
19
2866
2245
2934
3609
1675
1546
2461
630
219
3594
517
351
3103
1586
3677
2920
748
1435
3890
1030
955
1688
3803
2354
1559
2349
3529
2569
2384
345
1751
3245
829
3334
1162
2359
2727
1732
773
1179
2893
3086
2472
2796
1215
1966
1508
2457
1637
3216
1036
3213
2749
994
872
771
1848
3038
1013
3085
2388
187
2374
3420
2756
3740
3244
3451
366
3483
94
705
331
2173
2383
700
1960
2733
1649
108
93
1826
3144
2790
2947
3330
3372
945
2620
1794
3742
3513
280
321
3424
3191
2026
3656
2350
781
3145
349
2570
2045
3254
359
3431
1814
1563
3019
1238
399
420
3669
3054
453
169
1827
3253
3197
37
3837
791
2097
610
1614
799
3369
932
2916
993
3539
99
2755
2828
1533
186
1735
194
3665
1070
1050
1858
2872
2444
3846
1089
416
2292
724
605
2425
3112
1322
1232
1123
1925
2703
2954
386
3164
2609
701
558
2367
3703
1857
1995
3709
632
3275
3676
1351
846
3203
1778
2922
2318
3899
3818
1301
2018
1672
3035
1846
3802
13
393
3596
3461
2560
1999
2697
495
2301
157
929
3134
2931
1911
389
2604
3553
486
3867
1921
2213
3757
3127
3088
1044
3768
1852
2740
40
2841
1885
45
2711
3628
3816
3090
2786
2303
2234
2395
957
2998
1685
3506
3057
1012
1783
2875
1829
498
1987
2185
880
3155
2390
2163
1142
2646
368
936
990
3875
968
1335
3685
2169
1098
2422
902
2093
110
1658
758
1159
3220
2015
3443
3836
1825
1239
1456
3639
3385
1784
588
1836
778
2775
1608
1661
224
3250
2016
3437
1347
3117
435
256
1333
3336
636
720
685
1551
2401
2481
1387
3365
1185
1231
1156
398
563
3622
3625
1687
2275
1463
3785
2105
3186
1965
589
2579
230
1610
1780
7
953
1592
2414
403
3570
1860
3341
1657
292
574
2448
1344
2344
678
3585
1958
2632
3857
494
2294
1668
1074
1787
1765
1273
1776
941
1120
2423
1427
2066
372
577
1208
1380
534
3654
318
1338
2062
136
772
3650
1373
1933
2215
427
555
2084
3711
1915
3526
2812
262
3389
2713
1945
1291
560
3380
171
3515
3
1217
3030
1247
1426
1990
1727
364
1545
181
2402
3378
3754
3508
3000
210
702
2838
1926
1073
394
1903
986
254
557
1131
1561
126
1255
2603
3417
3130
2479
2534
2281
1650
28
268
3281
1406
3131
3881
3584
2051
3704
3595
2483
3214
1962
1636
1316
2597
2722
3440
2421
1398
255
943
3295
2491
1213
107
1448
2351
1647
982
779
3113
3769
3809
2665
551
3076
1807
382
75
1196
3123
2816
1696
1032
3773
2635
188
3772
329
1897
89
913
2226
297
2688
1391
2049
442
72
973
457
2426
573
3826
1065
1919
1631
2279
83
1595
3784
301
1105
787
3647
1221
1342
397
3118
1100
2807
1959
1281
2121
1875
3503
484
3637
2263
2654
836
2476
3624
2818
2860
1038
845
1513
661
1707
1870
796
3194
2995
1947
719
1028
1674
1747
1607
3395
205
3679
2336
3473
3811
3729
2659
3243
2209
546
1271
1403
2135
291
540
3464
2577
12
2538
2341
769
267
60
3308
165
464
3635
1336
1520
4
2660
1938
808
535
3696
330
2677
1126
581
3722
2586
988
2155
172
2451
726
2289
385
1569
2150
3116
3314
3883
2473
3621
2641
1953
1542
3249
2644
1020
2032
1060
761
2657
3767
3173
3567
2871
3581
2500
1216
1104
3305
3493
3299
3274
2418
3908
1379
893
2043
1781
749
3009
2433
2793
305
3612
3207
713
3272
3653
899
933
2989
3744
1141
58
1404
664
2878
2038
650
2946
462
834
50
1349
2961
306
2996
2650
1206
65
2744
784
2249
3699
195
3167
3897
2107
2943
2273
1813
2133
3053
1177
3448
1549
975
1296
3190
1525
1519
1176
3651
2409
1862
946
1452
2992
1708
2259
473
3256
3416
2984
3864
874
3449
3499
1375
3734
3832
407
137
797
2572
1725
1400
1167
965
1819
2039
2101
516
3182
3551
1026
220
3040
3201
996
3014
2146
857
1164
3218
3829
725
1432
1566
282
1268
1833
2181
1754
2633
2175
1900
471
2999
1964
1270
2698
2940
415
891
1822
2346
2159
757
870
3912
544
2447
3675
3282
2494
1189
2896
671
223
613
1078
1760
2356
3312
2639
2429
2480
180
1040
125
1330
730
616
812
3232
2338
111
1556
3642
133
2762
3509
527
438
1730
289
3211
3024
3787
2264
44
2469
1909
895
440
41
984
2535
1334
3911
3909
1197
2576
3016
3523
906
1961
592
1410
1080
3146
876
335
367
3332
2243
3645
3862
2868
2158
2887
3418
3176
1488
1006
2769
231
314
2679
340
2435
3574
931
2668
1673
2858
3263
383
547
747
2963
3384
2268
3071
1651
2182
586
1518
2416
756
1035
3010
434
2098
925
3476
2528
2558
3161
2715
2357
1986
1502
2990
2434
3067
3045
2550
2738
3491
1143
151
1453
460
1621
2360
644
346
396
1466
582
3095
1501
3724
1195
3821
3602
490
2876
1047
3310
1145
1171
1402
2424
598
3532
839
1004
2078
3498
192
1169
2462
1021
1417
1299
3171
521
2333
3261
1386
792
2117
1249
2881
600
3264
439
2270
1772
87
1552
2913
3348
2696
3610
10
3180
3408
2022
1496
958
3152
248
3518
623
2352
569
2861
1459
2773
3827
3646
228
3719
448
802
2065
2661
1785
1140
2308
2513
3283
1039
3059
2373
1758
1669
2619
595
3210
2096
2837
2248
898
3623
1399
1929
3337
1544
1173
3321
2170
2054
583
422
1930
1573
1937
3154
3205
2991
3759
2315
227
3904
1837
1359
273
2104
3512
101
3751
1045
3627
1744
825
2028
1272
432
1828
2902
2819
816
3084
1248
2735
1227
146
1497
3407
3903
2487
2723
1201
470
3505
2694
204
774
3557
1041
3683
3052
602
3748
1550
304
3077
3298
3346
979
549
2596
1457
218
2024
1759
576
3865
1051
445
2161
627
347
341
3043
777
436
3120
499
303
926
2888
675
1956
260
927
584
3616
2179
1951
2130
241
1891
3289
2785
1236
2282
896
2440
1698
2710
1993
1892
2743
3460
1941
81
3575
2750
2605
3797
2005
54
3290
138
2938
1534
1584
3339
2358
2345
2781
2126
3007
681
2190
250
1720
3026
2805
1678
536
2863
2801
2410
1077
866
2792
751
3866
3638
3381
783
3317
2917
3494
2736
47
2585
1396
3354
2555
1773
509
1555
3728
3101
1851
2079
1132
1220
3204
1194
579
3870
3062
2642
2772
428
34
707
1103
1329
370
485
3175
520
571
599
1363
233
1710
3219
1071
2284
2470
1082
3914
2411
1832
607
635
2392
3153
1564
1503
3492
533
643
1944
3307
1408
120
620
2817
3661
1881
1847
2129
3593
1597
2767
1002
1613
1419
3753
688
2600
3396
2231
3427
1266
1957
2427
3688
2553
3162
3522
2306
3419
1703
177
2274
3573
363
553
2624
3229
2580
285
2798
2027
91
2720
2463
2890
1808
1468
2782
3545
1587
918
1540
2700
1873
2396
1043
1149
2124
3352
3547
693
1859
2611
275
2721
970
2873
3122
1305
3008
3361
2621
3441
959
3517
3200
729
236
3119
1263
1008
1768
1850
270
221
3005
1723
1737
1943
3808
885
1535
2300
2142
3356
1138
1823
1223
1489
1670
1796
1091
3291
1241
103
2987
3129
683
1988
2842
2630
2969
1562
2438
3459
1644
2229
32
199
3051
2849
2048
2369
302
39
3520
68
3470
134
679
2030
2707
2610
154
480
1233
365
733
3032
2102
1789
1151
954
3413
287
2471
2106
1016
501
119
2325
3447
3824
785
3107
2891
561
3318
1884
508
2250
3158
1230
3073
1579
2709
3246
3605
793
3789
2839
1625
1097
1293
2530
2271
2527
3546
2601
82
2276
3619
2692
2253
1626
1526
1659
3790
3569
840
1719
1742
764
2647
543
477
3358
2165
1421
1433
654
2691
283
1805
2618
2167
2453
3631
3872
3626
3277
981
3733
1153
1578
674
468
2316
429
1129
1882
916
166
1011
1736
2013
476
2823
1641
1537
1178
56
2882
208
3267
2132
1307
2671
425
2702
556
1265
1548
3916
2689
492
961
2000
3755
987
3081
3667
2064
2724
3391
2672
3324
1467
2800
3455
3563
2293
1000
1766
336
1895
1749
2323
1352
559
817
3712
390
737
3132
1068
937
2582
2009
2340
2732
2640
257
2166
1339
1729
216
992
1596
510
1009
2684
526
3001
1946
3613
132
414
35
1856
64
1282
1536
3422
638
1791
1224
1441
1218
1734
788
3590
3083
767
3533
2379
2040
2183
1108
3898
2204
911
2011
1918
191
2156
3906
2869
1409
3108
2809
1642
2967
2139
452
1234
196
3763
2298
1683
2111
459
2968
3409
680
3177
418
1804
361
2673
202
934
1477
2241
3469
1603
2578
124
2670
2149
338
924
1922
2242
503
3165
446
3429
2918
3292
2526
2539
2466
1792
1588
935
1450
2328
2119
1353
2776
3895
1188
217
1415
3105
3510
3335
1392
3074
877
1246
2742
3536
3126
2552
1977
1481
3133
736
3531
1490
1381
735
3902
1815
711
660
1446
2894
3323
288
1494
1357
1931
2256
2068
3800
226
760
2188
2238
514
2490
1294
2348
1605
3720
3713
3542
3695
3039
104
2589
800
768
3233
2489
2687
3749
1782
1454
2803
3900
828
2389
1896
3597
401
3041
2496
849
3227
1152
1728
1865
1364
3063
537
1893
2029
2372
3355
578
692
1611
2942
130
1916
2730
1577
655
444
3727
1117
2164
2320
1228
2236
3856
1810
2712
2594
590
858
1575
478
1081
3544
1802
608
348
2193
2059
3377
612
456
3641
2680
572
3591
743
703
182
3540
242
3659
1394
1053
2708
653
148
708
2217
23
1264
1285
2830
1532
1436
919
2847
3738
3215
3793
3915
2174
2778
3524
2656
1973
3178
1509
1260
48
2964
2667
712
1443
645
3823
21
3457
2223
615
670
3480
2728
2856
900
1414
3589
3092
3702
3425
3406
3805
985
2753
2455
3604
3600
206
3017
30
258
3371
1226
2361
2827
1365
1777
173
2031
697
3296
1193
859
1652
3634
2768
2779
2378
443
3739
807
3383
1854
2515
1015
3479
1083
1147
493
1623
2375
2330
1001
3141
3392
2443
309
972
1308
332
1225
1660
1210
441
3530
2885
2759
689
1697
3004
763
2404
1992
3279
3467
2006
1663
3058
1297
1701
16
2115
2046
640
2686
3237
2123
1165
2575
1604
2945
2745
2037
1186
2606
1724
2088
614
1498
2726
2313
1716
3309
421
3554
2019
3871
3860
3489
917
585
3444
2420
3468
3774
76
190
3543
718
997
2911
2825
2329
2201
2295
1
1355
2930
1407
1905
639
375
2334
1506
2935
3226
2595
3687
3225
745
3403
3471
1430
642
1384
189
1515
3874
2752
3300
1122
11
353
350
3286
2206
200
3718
3257
1628
128
2010
447
2651
3020
3556
90
881
2532
2746
1863
1058
1470
2983
1401
62
3075
2815
3235
1517
1702
115
2307
2073
3183
2053
3450
2008
3405
3316
3185
2623
1205
406
3778
1438
2437
1027
3701
1816
2629
3025
2299
1382
3037
2385
2118
1917
3208
3552
1483
2070
325
940
2399
2699
2889
3438
2113
1094
3231
2227
1292
1565
852
2312
1991
1102
3828
1617
3344
3258
3643
2099
3847
140
1589
3817
820
3697
2905
2095
1136
1817
229
3433
2290
3820
24
1118
628
1471
261
1388
1695
8
1606
1066
1902
3766
1713
400
2870
1994
1539
2343
3060
38
2114
864
3617
2314
3514
2813
207
1069
2997
669
851
1654
698
2822
293
3527
894
1325
983
1112
631
1967
212
3268
1609
3743
1287
198
2387
3795
1442
523
1934
2608
3579
2771
2774
2517
3311
2240
3893
2741
821
1204
2459
1664
3114
2567
2085
2353
1645
2973
2501
750
1161
3327
2074
3111
158
1146
294
977
259
1761
3466
3672
1369
2509
904
513
67
2751
2584
1726
1790
2971
2430
3293
3193
3106
3192
1397
1244
3151
149
1172
3442
3247
887
920
1818
1487
3166
1872
2899
3343
672
1908
2108
1646
2035
1681
264
1323
596
3147
3089
3399
2554
1691
209
2482
2784
1500
1084
3034
1109
634
3376
2162
809
3329
3535
51
3504
2128
2607
1037
3436
369
2914
1482
1362
1514
2152
3435
3195
3454
1599
575
2296
2978
2900
160
1245
1354
1289
139
1157
3852
1115
853
2297
3072
3248
53
3388
3157
2177
2194
3196
619
995
2545
1601
1212
2543
167
2001
2368
2512
3502
3756
2682
3855
3251
3333
3474
2377
529
59
948
2403
2347
281
1183
1629
2929
3598
2322
3320
3678
1326
1276
1283
3854
805
3495
1529
2456
49
1570
1558
2761
801
3731
1310
2614
424
0
2645
2974
3044
976
2034
1269
176
3135
512
1286
1462
1812
1139
1855
766
1348
2616
1054
1317
2952
1262
3781
3099
3172
380
1866
3189
2814
3078
3842
419
625
2087
1480
1059
1970
80
73
2362
1252
2458
1894
1864
1461
507
1181
3206
488
1124
2927
1541
388
2909
2454
2211
1290
861
2886
2331
815
1086
2731
1576
2112
3723
3322
1279
604
2510
3559
352
323
3340
2851
2928
1655
2198
2082
2474
1405
2925
1699
1705
2067
622
2950
2932
3018
1831
1274
2207
163
1753
2047
2704
2246
3128
408
142
22
2252
1770
1005
641
2834
1343
384
888
2904
1085
2941
531
1853
1935
3566
3799
1932
1671
2109
3750
1148
786
1585
3746
3707
3097
3169
952
2160
3615
3777
1574
1955
2794
3401
3160
2907
1331
1842
2208
2719
754
2637
1378
3841
2100
286
3065
3338
1079
1511
3031
135
2508
2191
211
3560
274
88
3070
298
567
3819
315
2151
3366
2020
2948
3091
3475
528
3636
308
1505
1374
1134
1203
1318
2332
833
2110
1682
2287
2380
3426
2004
3894
3412
1166
629
2933
3138
3528
2966
2140
1861
1222
3682
2850
2544
159
3578
2854
3658
371
2131
3791
3670
2475
2337
1553
239
1429
1978
2449
2202
618
2381
1090
295
430
279
3668
27
3140
2573
1656
722
969
3775
3541
2975
950
1211
1428
426
3792
175
1923
3607
593
404
491
3096
824
2542
847
2706
3686
1711
3294
1788
2291
1370
2811
2145
409
2060
2583
2852
2452
1841
951
1304
1209
2391
974
474
215
3681
500
2519
1583
2285
1634
2036
538
2627
1130
2063
3776
496
311
131
251
2985
1314
2826
2184
647
594
3331
810
3143
2725
278
2407
29
3056
1731
2398
2764
2286
2075
1877
147
659
2883
1974
2777
570
3202
46
649
1886
868
2681
890
1320
2625
3055
827
2824
3003
1662
2023
33
1843
1416
3271
2503
1057
597
860
9
2138
1984
789
2310
2531
2196
3825
1243
3576
78
3887
3726
2406
2083
2765
234
2739
2371
2
3710
3863
1755
1476
1048
1240
1418
938
395
862
3603
2551
3239
2431
310
1618
2926
1940
2568
3694
1779
3068
1229
759
1811
3484
1367
2237
1733
3888
663
3393
2622
3801
2363
742
2908
3660
3255
1512
3430
26
3692
1014
2304
3027
966
1600
1972
682
3357
863
2546
2089
991
914
2717
3278
2147
185
1764
922
74
2906
3663
3588
2484
740
3048
3363
1743
2564
819
2864
1116
1709
156
2467
831
1358
3285
502
3400
2364
2598
3276
3843
2397
2044
1980
3649
1056
2683
1346
3259
2366
2591
355
3080
2541
3715
723
2228
1976
244
3611
1298
3549
392
1746
3415
85
746
1180
2874
1315
2090
1101
912
962
554
3066
2428
3762
2557
3693
106
2007
437
1800
2235
2212
2441
170
3458
1985
1371
2122
1676
1158
1127
2057
3093
2058
2355
826
3148
284
3456
3555
2664
2833
3782
2649
3375
2280
1440
2521
2957
2187
2879
3345
2003
1250
1954
2153
2239
1256
55
482
43
1821
1543
320
1341
2134
2802
3877
2478
3869
1437
3150
3269
2255
237
1797
1809
1003
3905
2393
2977
3741
2988
2855
2505
1199
300
2507
942
3632
2370
1259
2960
2522
463
5
841
1868
326
2939
2979
3901
1464
892
2061
694
387
2571
603
842
322
2747
1867
3752
2970
3288
2613
3370
3477
2563
2602
1280
830
1904
455
307
2120
2305
2262
2050
1302
328
3885
1704
3525
1718
2612
479
3804
3266
117
1971
1557
2862
3565
1029
466
3434
3179
2936
2493
3379
1969
1198
1356
1901
1975
776
2652
568
1786
3137
2972
3913
1092
1257
1998
84
1665
3500
2685
2789
755
2143
2199
511
3786
2436
731
2220
3028
530
3061
765
1479
2783
2002
1361
3534
3240
3242
374
1633
3121
2757
2859
1184
1714
3297
2718
2080
1793
238
127
354
164
1510
2319
3747
1319
3224
2540
472
1997
3228
2956
2042
3313
2137
3142
97
1839
1023
2014
3350
3848
449
550
3511
276
2266
178
433
1340
3736
2615
1591
1643
3485
1516
741
867
1769
483
2810
2021
2898
3834
3033
2485
3079
780
548
2901
1963
3691
782
3319
2593
2951
1889
1007
3124
3315
673
2203
686
875
458
2865
1989
1910
1267
752
121
699
2924
2846
3798
3664
2626
1444
1948
2903
2232
2086
31
2154
1750
2071
2758
69
3698
3446
1119
3666
1190
3516
1531
3910
1242
3673
265
3156
3064
1458
1912
504
2324
2857
339
3390
2993
3411
2233
798
930
3304
744
978
3812
61
1775
1602
2845
3814
2460
3859
141
3630
2439
1567
193
646
2081
360
2848
3583
57
2986
3198
358
3482
1568
2116
2339
2094
923
2041
277
2200
3844
2272
2912
381
2192
2412
1451
1390
3822
1024
2821
3181
1952
66
1055
2915
1739
2076
2342
113
245
1439
1022
980
411
2261
1062
116
3771
3507
247
665
3813
3373
92
114
1376
2302
2477
2636
3501
118
1981
2180
162
263
3421
1313
246
3163
775
552
1113
3221
580
844
1460
3223
651
1170
3011
3840
2581
2910
3831
3301
1368
897
3806
3849
676
14
2548
967
1106
240
1254
2648
2923
2321
1936
684
168
1639
1133
2419
1878
1715
271
2653
1473
1253
1547
214
3382
344
838
1615
2195
1835
3069
795
412
1712
2831
342
947
2795
2221
1757
377
1491
738
3306
52
18
1309
2269
2450
998
3094
1389
3188
95
1499
2309
3222
2590
3326
179
3174
1598
716
2976
184
467
903
3521
71
3217
3349
1898
3519
2394
3273
1207
2077
3833
2844
1063
1528
2205
2980
658
3671
1838
2442
1076
3036
454
1383
2382
402
989
1445
1472
677
1616
1251
1983
822
963
835
1033
174
939
3102
3149
691
2587
334
873
2853
3684
2055
2565
197
296
3486
3690
3582
1530
1745
122
378
3110
3657
3359
2210
3234
3139
2172
2599
2052
915
1871
3006
3780
3577
611
1771
2335
956
1632
1887
3907
3878
3398
908
506
356
1423
3745
2400
2892
1154
1722
3497
2884
2994
667
886
1284
3571
333
153
1420
2835
2549
1840
721
373
2638
312
1849
1622
42
3445
2693
3735
971
3879
3100
522
417
762
657
3760
3386
704
732
2498
3561
3230
944
2216
3652
2408
1806
1018
1469
907
1693
2791
272
1493
519
814
818
734
1522
1638
3794
2716
3558
3896
1700
1121
2176
1914
3046
3689
1883
2592
379
2251
343
2148
2144
2566
1942
1803
3680
2536
1261
3886
2012
1424
1594
2965
232
794
1706
3788
1820
3170
2562
2405
2559
112
999
2265
3432
1582
2547
3876
2982
225
1042
1192
3618
3364
2937
1449
2445
1763
1666
2588
2376
2843
848
3674
621
3487
2141
213
770
337
803
2260
2666
3187
1182
1168
3184
36
105
362
850
1740
2804
2806
2413
856
1465
3587
2953
565
3423
249
2524
1474
3478
3815
3236
2829
2502
317
1200
1107
2278
3367
652
70
1667
2658
1174
1088
2919
3861
410
3758
3199
2386
1025
2091
539
601
1332
3013
3705
1434
2219
2465
3601
837
3325
3568
1627
806
882
1484
