3308
199
594
39
299
3780
614
1689
1379
2742
3788
2412
2699
2001
2452
2534
3645
1957
1814
3729
3270
2463
2481
1443
2576
2302
2630
729
3677
923
1657
1315
3864
2544
867
813
1769
173
1888
3843
1716
3435
3738
3049
1994
2407
3555
429
3272
569
963
2410
2700
2468
3451
2078
2184
1972
2143
3542
3706
3024
2977
1041
3869
158
1185
1036
606
423
3232
2225
1489
3731
1929
3550
2874
3458
2613
276
1846
3058
3851
1570
3218
1164
3769
2388
3410
3811
420
2312
1478
2973
269
858
1281
186
1694
368
567
1124
130
1216
2684
1382
1958
3704
2674
1415
1705
444
1743
2309
2079
2525
298
1206
1507
634
2773
592
1025
3703
3834
3241
1643
1297
2536
2311
3123
439
3074
1302
2421
1855
473
2980
3412
1457
1731
3676
793
1829
3255
162
56
1063
75
2034
766
986
234
2435
3781
351
3355
864
3753
1160
2423
513
3387
2344
1974
1145
1527
1168
3495
3222
3674
3014
604
2161
3299
587
3101
325
3319
3027
3066
1071
3621
2976
3465
2238
2585
1574
1307
369
664
1699
283
463
2844
3126
763
2793
167
307
1484
2565
2125
598
536
1693
45
1250
3009
303
296
1875
2345
2041
3215
2580
859
3439
3667
3430
124
2853
1202
1564
2291
412
3489
1222
408
3265
784
3064
103
77
219
1191
3275
553
2883
499
937
1749
691
3373
847
964
3579
3896
3079
1149
1254
1514
1515
1823
3728
982
692
3148
2004
1213
99
1201
1628
3482
3118
1162
3590
3038
3133
3561
172
1531
741
2609
2333
1624
3883
311
1209
953
2934
3792
2213
1908
379
837
1659
1322
3191
2680
2864
1548
3650
442
3586
2992
2612
1389
1308
2229
3642
768
1462
1502
1782
1203
3348
573
1104
1508
1038
1798
3567
3011
651
1760
240
2243
3527
2008
1506
2181
3778
3018
2047
3312
3220
258
1194
728
2555
1534
649
3787
3234
2530
85
895
882
3063
721
812
2082
1853
925
3007
2196
1090
2905
1907
295
670
2069
3385
2825
1817
1647
537
2168
2033
3189
3817
3371
119
2998
3576
3608
2177
1583
1701
2610
1159
52
2943
1674
2995
3338
161
3454
388
2129
2814
764
476
2588
2357
3730
2083
3566
2937
288
3470
2434
3457
3734
3589
3051
2503
2341
1704
946
159
2458
2624
2838
1773
3797
327
112
3297
942
906
1841
2299
1691
2054
363
1820
2293
74
254
1167
1906
65
3711
2822
1221
2828
3053
2736
2148
1651
1362
697
2150
2064
1917
3139
3421
1835
1144
3333
3098
2528
3587
135
3709
3216
1790
1193
193
783
3175
2896
732
3868
3285
1102
2786
3635
848
2991
3710
1430
1282
3639
2089
384
2288
3305
2731
525
1620
1411
3289
1684
1753
916
798
183
2843
2785
558
3452
1629
2199
2339
2546
2756
3301
3459
3040
1532
3266
95
1828
3680
2621
2859
2606
1971
310
2927
1463
2640
2115
324
3084
333
695
1178
3403
1066
1604
500
2395
1779
1064
1346
3363
633
2052
1550
3612
401
231
1785
1139
3719
1658
3171
3440
2582
2144
1243
3643
1259
2106
2040
3466
3558
1586
3052
2909
904
200
1883
169
802
2450
2157
2165
2812
2745
2385
2061
2895
1350
1189
2248
3176
3488
1761
2507
746
1073
3840
421
2639
1276
3337
2827
3293
2930
1271
1186
583
2913
354
2111
2252
2367
374
2765
426
3732
1756
3150
810
1822
2729
2480
605
503
1686
787
2698
1165
860
2596
514
738
115
2065
642
1156
2903
1005
3164
3296
1844
3059
1593
1830
1117
1781
409
971
2363
170
1465
1513
1111
407
714
2670
1913
2687
3823
305
1809
3239
540
955
984
2071
308
2003
648
3431
2642
1876
994
2476
3844
1187
2279
1939
2776
3404
2875
215
718
3556
447
2750
549
3502
462
1321
3292
1388
3069
886
1096
229
1585
3436
969
2564
2858
2453
1661
1416
2561
3251
999
1911
1288
2346
512
3056
1720
3426
184
2984
3433
50
1119
1342
1619
1986
3620
2732
2831
2931
1736
2865
1390
1669
3529
3592
3006
177
3328
3382
943
951
2872
1356
1331
1233
1656
413
2072
1033
1885
1546
1492
2840
602
139
321
1595
1854
3624
1219
1260
2608
1208
2718
3378
834
559
3610
3583
863
517
3764
343
2210
498
2790
1540
3377
3546
1714
591
1224
1122
1454
1376
2098
2493
1924
1614
1381
273
1198
3681
696
2652
3050
3815
2255
2676
3745
3302
2547
3751
1759
2690
2989
900
3871
3814
1746
2057
391
1953
1405
2917
411
1703
2379
2751
2103
975
3702
394
1909
389
3491
2043
1314
2711
3898
1618
599
3660
2353
617
82
317
941
897
2127
722
1599
328
1022
2362
2090
2918
1851
3675
3806
1035
15
3341
248
157
918
2354
2046
1965
734
220
239
1873
192
3178
3134
481
2134
1177
2780
1049
767
2093
2932
1696
1227
2929
24
42
2149
509
3415
2031
226
3496
3679
3862
806
3637
2461
2770
3866
252
1323
433
3860
2787
90
1900
755
2972
1332
3578
2935
2636
3196
2467
588
2726
627
751
2600
163
2802
2581
2559
2380
2024
958
3455
454
1132
204
3616
3016
1956
202
1223
555
2960
3816
3236
2701
2140
2025
1638
3661
178
705
1015
3122
1681
1711
1755
147
3035
543
3350
562
1600
2092
871
88
2619
3846
938
3784
3916
1262
1640
3911
228
2192
1741
3434
2335
1217
313
3422
3280
2957
552
371
3428
1735
1944
2261
2485
3043
3705
218
1479
1633
1690
150
3246
2116
1328
3389
2657
405
387
2475
1287
1392
2644
30
823
1654
2198
1447
2708
833
18
2622
724
2349
2836
1418
1267
809
2431
2400
1712
2401
3904
203
2019
346
1523
1329
3181
2200
3638
1075
589
979
3768
108
372
2955
3395
927
2337
113
715
2861
400
217
3144
2739
1289
2951
1172
1348
2477
1060
608
3205
10
2604
995
1923
803
3809
3803
1169
3384
874
1341
1627
1442
2649
3908
2164
2012
2901
1594
185
2677
2188
338
1679
3368
3028
733
2975
758
3821
2425
3536
470
901
3157
331
1154
250
2491
2658
2173
3572
116
1992
2077
1954
376
1993
1070
131
1207
2368
3086
1961
2490
3419
41
3513
134
3887
1632
1214
3858
2306
2109
2597
2331
541
43
386
3445
309
1575
2356
1252
2254
2228
3636
1299
647
2169
438
920
1373
3538
3888
654
2208
1516
3600
1732
168
545
2429
1475
538
2542
3037
3870
3334
1326
3893
1863
693
961
1520
868
2887
3500
1537
2760
1525
2952
3357
1576
2370
2963
1838
1948
3226
2637
285
314
968
458
2796
1745
977
2444
675
1610
1264
2489
58
1051
862
1256
3747
2383
3010
816
3374
761
1409
3167
1225
586
2005
1676
274
2824
607
716
1980
1578
3696
2314
2488
2638
1639
1242
3093
3060
1617
3424
1294
1089
2703
3367
1155
2045
3332
3894
1423
7
1768
3290
490
3783
300
3694
544
2447
1936
3113
84
3721
1400
118
1723
1494
3300
687
1770
2540
3278
461
1808
144
448
3605
129
2376
3606
1511
2841
1930
1938
1887
2833
3544
730
342
1347
3329
3801
507
20
983
3874
2832
3571
1544
717
2532
1794
1183
2000
398
375
2408
2364
436
2723
962
2904
1295
2669
3794
1234
1837
3839
3135
623
2626
3354
1153
2232
2381
3619
2358
3618
1493
261
2398
2821
251
2694
1197
1870
3577
1123
822
3281
34
1598
1554
1266
2305
2714
3588
2307
3593
3186
326
1253
3670
712
2074
2159
3902
1211
1947
3366
1305
1027
1338
1406
2122
3080
2567
3131
3478
1372
28
2543
2324
908
3779
2919
1949
2136
3906
3463
554
3565
3848
2707
3649
744
2734
1607
201
1101
1257
1115
2472
301
1778
2194
3847
745
917
2172
3180
249
2347
3845
141
2725
3875
121
2119
785
2857
98
347
1458
1675
3499
54
1446
2620
709
781
1410
669
485
575
1095
2556
3081
79
2819
2560
662
1672
3269
1366
2211
596
1615
3260
2928
1692
44
3599
2598
2403
922
3254
2178
2037
2195
3865
3418
2777
94
3473
1668
992
2355
2217
3076
3807
3456
911
489
166
676
849
2201
188
291
3662
3370
1108
2445
33
1733
2880
1827
2281
3287
2815
1028
2947
176
2137
3258
1915
3423
2628
1002
2782
3306
2772
645
2710
1836
198
3030
3417
3136
2436
1435
2325
1945
1969
740
2692
3543
2589
2432
1235
2391
3876
3070
1990
3658
2495
665
1536
2508
899
3833
1125
1232
1212
1092
1757
3915
3413
1230
1131
382
2478
3799
1263
3716
2599
674
2231
143
255
3277
3909
479
459
949
2996
2059
3067
2721
1988
840
1496
1365
1317
1116
1890
1464
2686
1403
1046
383
2418
2509
542
3560
564
93
2402
1710
2270
2322
3199
639
1135
844
866
125
3899
1018
752
25
792
1394
3083
2120
3036
685
1105
1683
1079
3391
3339
2017
3111
2076
873
2807
3857
67
775
3757
1414
2908
2842
956
706
935
2267
2964
1685
3210
352
179
2413
483
3425
1402
2361
1758
2966
241
2378
3492
1717
929
449
3574
3913
2755
3000
2691
3763
801
3249
2373
1440
2244
2999
3207
2663
637
137
568
2141
1112
3441
1474
3668
1499
21
1750
1404
1280
1912
1804
2882
2297
2797
2959
913
214
1991
2593
1806
2753
2886
865
3595
2892
302
3504
148
3498
1892
76
2449
1292
2151
292
3647
1466
3749
2923
2792
1029
197
1573
824
3420
3632
1106
910
754
743
68
3110
3031
1339
1148
2405
3640
1316
2695
799
1344
3380
1682
2214
889
222
1014
441
3078
3494
1740
492
2981
713
2744
2849
2854
2446
3177
504
2675
1163
49
377
699
2866
415
2615
2377
264
3905
3427
181
3722
529
2944
1899
149
2779
989
1825
3229
2497
2174
2073
2100
260
465
3324
3185
2118
152
2152
385
3343
1660
672
3165
2091
2175
884
2586
1459
3211
1933
357
3187
1182
3253
875
2889
2521
3361
419
3262
3861
1818
2101
3162
136
760
3611
3304
1076
2097
1528
3548
1068
2945
1354
2856
1152
1562
800
3879
2754
2176
2592
2404
2253
3477
3519
57
1368
1539
2539
1616
1485
2396
1461
1568
2685
1309
547
1590
667
1503
3023
3575
2878
1518
2160
832
3198
3138
3392
2320
1687
1425
1056
2038
272
1504
1762
3901
2715
253
2338
259
3557
1078
2384
2464
2482
1882
3752
457
3735
2696
318
2209
71
1767
3665
2304
3217
1077
2096
3480
3761
1879
1181
3740
3633
600
1718
1580
210
2131
2813
2552
87
2227
2456
580
1555
936
1099
1671
3166
4
366
3836
2602
3092
2978
3819
2538
496
268
2584
3359
3744
156
126
1087
1451
2021
1623
1904
1098
1468
2296
1408
590
3346
2537
1793
1358
1975
3812
486
2303
440
2800
3629
506
3772
707
3449
3678
3891
2167
1738
1519
3461
2627
3712
1050
2499
876
1422
2623
2737
3082
3484
3756
3490
1857
3692
1592
2189
1009
1748
3532
991
3085
2035
3442
278
3091
3827
2549
3438
808
1363
3664
811
3872
820
1898
2847
3890
3235
2717
914
424
1246
3521
1569
666
2884
1815
1978
3405
957
233
2569
1277
1377
2851
505
2260
2328
3552
2641
2414
3501
2430
1088
3830
1729
287
1218
1609
3859
349
3283
3863
3132
576
2520
403
281
1652
1998
1034
336
1114
3742
174
1584
574
644
2860
1086
2968
2965
1766
2666
3143
531
870
1921
2575
2202
3414
2618
1664
2487
2885
1355
2563
1304
3695
2441
3364
940
3153
2912
2746
1989
416
2712
1367
3838
3335
2682
1605
3182
3758
2438
5
2550
1819
1031
464
2319
3100
2081
455
467
1228
3672
641
101
3691
3399
2511
2730
1497
3693
1226
2262
1862
996
1380
225
621
2826
668
2940
2334
2298
524
515
3522
3276
888
3026
341
1902
2340
1653
2518
1412
1190
1273
1665
3032
414
1501
773
1097
96
3071
3551
66
2271
304
1935
2916
611
3726
2286
1072
2900
2775
997
3914
1455
3804
985
410
2042
2257
1637
1726
502
1591
2285
2094
727
1374
3535
2389
2769
2015
1084
3602
686
3813
3397
1059
2749
2867
1000
1470
1791
973
1558
3737
1283
1147
2693
1983
2474
3581
2688
636
81
1057
3580
2551
72
2661
2348
3147
3895
1247
826
1196
212
3653
1384
1561
2845
142
756
3841
3109
3689
60
1023
395
2479
640
1345
3303
2483
2013
237
684
2837
154
2689
2114
566
3184
1786
1483
2906
22
565
1290
3077
2706
1889
1210
1843
1626
2535
1173
3140
2803
1881
1771
3563
427
1706
689
3376
3179
1336
445
1383
1399
1471
2011
242
1428
1349
497
2406
3298
2222
2667
359
1180
1950
2572
948
182
1834
3202
3119
3748
3112
2386
164
501
1176
2437
3802
70
892
3261
2130
2110
3099
196
584
14
3856
972
2026
3723
2607
1812
428
370
2351
1700
208
582
3013
632
2771
1480
221
620
2987
2221
1298
2326
2394
339
2768
3245
9
3072
1032
3725
2967
474
3573
2722
1955
807
367
2868
1556
1577
453
694
2239
1713
2263
1170
2323
38
2704
3375
2590
2246
2095
3046
284
2806
2036
1918
3151
3907
881
988
2653
548
2342
2187
2811
795
1334
3850
2283
527
3286
1962
3910
3885
2643
1807
1662
1047
1017
1897
1884
337
869
508
3233
2888
1754
206
1987
1424
3129
2505
1941
1641
3511
3247
1877
3774
725
102
2979
1357
1469
2275
2506
1251
289
682
3039
1161
2145
2526
2716
2783
2633
356
2678
402
1245
1777
1093
1091
3252
1085
2240
3912
2614
2075
1310
1946
1184
1719
238
2028
2529
2993
3248
2524
2774
1826
1997
3002
530
3646
2954
578
3369
69
392
2956
3505
1999
3537
2233
815
280
1026
557
2512
1255
2938
1800
1016
2862
603
3808
3698
1868
3630
2571
3796
1872
846
779
3897
3004
257
1396
931
334
2747
1238
1011
2411
1642
1386
3481
2135
3771
2781
2915
293
3250
3474
1645
854
1453
1697
2455
3762
861
3237
319
2315
3641
1905
625
3688
2415
804
510
2215
2656
2876
831
2158
1369
2631
2146
132
452
246
2300
1067
1549
3197
3776
3264
2983
1445
3724
2574
1553
2645
3584
704
1943
720
556
1737
993
3503
1054
2869
247
791
539
3062
790
967
934
585
3614
1783
2898
1734
700
2671
3311
344
3824
3409
2514
1081
1043
850
180
323
2899
3310
1565
1893
2268
2220
2276
2053
3342
719
1473
1175
616
2570
976
1572
3088
3075
3231
3330
1179
2336
843
1385
987
432
1401
2473
450
3837
2080
62
2879
297
2156
1708
3318
1069
2050
1621
757
3223
2371
520
1039
3568
3516
2605
2920
2616
1437
160
348
1566
1136
2702
1833
1942
1413
3570
2890
1100
2241
701
2426
3453
829
2273
2470
3108
2422
1398
1964
643
3604
2617
2230
2545
1199
1839
1019
1973
1891
3121
960
1042
1831
2104
3708
2102
2648
2142
1612
1434
1351
2048
2086
1886
3315
3468
1871
1579
1040
1074
3015
2126
2292
2459
1927
2193
3044
1215
3700
1265
1058
1456
1880
406
2397
2603
3326
819
572
244
959
3810
1393
434
1795
117
2121
855
3754
1751
3444
2789
477
2162
711
1482
1582
1797
2223
495
1318
896
845
2794
1272
2519
708
91
970
2946
907
750
563
286
681
3786
3096
1784
2060
1709
123
3663
3852
839
2010
1270
2392
2735
1725
207
778
2197
2762
1937
362
2212
857
3842
765
2272
106
1236
726
29
838
3340
3524
2023
275
2578
1932
3718
40
2632
2988
3288
329
2829
3203
2180
109
1869
1747
796
2171
2051
2953
655
570
2504
1865
1547
3625
683
2757
1127
1589
2190
2365
73
2591
1695
952
610
2465
2070
905
560
435
3822
1596
3034
780
3104
3291
1166
2280
1429
2921
1776
3170
3759
100
1467
890
451
3644
2259
2428
981
3533
3760
2553
2343
3547
2058
3106
1240
3393
736
3316
788
2939
2068
3483
2063
2420
2256
263
2531
2039
2448
3727
3651
980
3152
279
2387
1977
1742
2766
6
2764
205
1375
1006
466
1847
3514
1142
1543
3666
2216
3628
381
3188
1635
2974
380
3855
3408
2651
2484
1630
3282
1118
1916
2105
1352
735
3001
776
894
3360
2808
928
646
2186
1866
3825
2820
698
3775
2366
2985
1650
680
2679
2834
3396
1296
2350
2251
1007
518
195
1803
277
1157
1448
3279
3242
1952
3268
2108
2767
3603
1107
2375
1796
3273
2247
1811
3314
3867
1688
3345
3627
16
3881
3432
1597
2237
1360
2809
2816
1061
2067
145
2907
1859
190
2795
2510
484
1359
3021
3174
2002
1370
753
3476
954
3161
3372
3294
110
3029
1055
3785
360
2897
1601
232
1248
138
1840
690
660
1914
2009
2650
2577
365
2062
3849
933
1045
3626
1856
2982
2496
2501
37
1560
12
3652
1976
1387
597
635
3750
3284
1003
2457
1021
836
3061
3353
2798
155
3510
1048
3159
1284
3057
939
1963
1920
2911
104
1764
1730
1134
1268
3789
1151
516
3508
926
3835
3358
1541
2646
1343
1895
3717
47
1805
1698
1663
1858
1361
1966
2207
1677
1237
814
3596
678
3228
3017
677
1951
165
842
1931
224
2442
2032
3005
3127
535
1606
3739
230
546
1845
1495
1557
526
571
945
3095
1648
46
1926
3168
3114
243
1850
2085
1300
885
0
3394
2308
1158
2810
3690
2533
322
11
17
1824
1896
3526
2113
3886
2498
2155
3208
2056
3831
3193
579
19
2848
1395
3582
3800
1013
521
770
3173
1765
853
63
2799
1934
494
1083
3528
2548
1094
3327
782
2466
3669
1551
1324
2170
601
3437
3673
2372
2318
86
1024
1655
1724
2138
2264
2936
3853
480
609
2205
3309
2204
2439
1821
656
2139
1044
3227
48
3512
3554
3295
3654
3882
2226
2289
3889
769
3
2278
1488
1419
3493
3656
2284
1004
2713
2870
965
2128
1113
626
3209
1188
153
2185
1816
638
2055
921
1552
2741
26
1967
2740
2668
3892
1517
1274
3087
887
3429
1353
320
78
3450
393
1634
270
2568
551
2554
1625
3659
209
1996
3224
422
3598
2727
3402
1860
2154
1799
703
2871
577
3190
1744
3795
1269
2949
1666
1335
2738
194
1397
2557
1788
659
737
3192
3042
361
3116
2427
1220
266
3344
1126
2274
1020
2266
2513
974
771
13
1080
1940
1286
618
3486
3832
133
3097
2084
827
3655
1486
777
661
3755
223
3154
2629
491
1275
3142
1174
622
2124
1680
2654
227
2852
1030
2635
3172
2926
1970
53
3448
593
1510
3446
3386
3497
2683
731
2804
1922
2805
2924
2647
443
358
1340
1293
998
1133
2332
3829
3782
3518
2709
3212
2006
191
893
1874
3720
2451
2763
3793
3713
2245
944
2277
3137
2153
256
3169
550
2863
528
1062
1143
1146
2294
1832
1763
1037
471
902
1901
759
3102
3090
1670
851
3613
390
1364
1622
1239
891
2321
3699
1715
1631
3634
652
2720
2147
1780
80
335
3206
1121
332
2088
151
2313
1982
1789
146
828
2784
919
2310
2579
3683
3322
1728
306
1249
2850
2660
2494
3597
1109
2601
1792
2016
3022
105
3089
1867
2236
710
978
3854
3623
1337
2733
3230
315
789
3256
2950
1012
841
3320
1775
2112
2317
3790
3155
417
3601
1587
3163
1441
1613
1603
2516
3485
3777
316
2997
3145
3390
3903
3225
3407
2855
1722
2462
330
3743
1673
786
1878
1498
32
877
1813
1138
350
472
2417
2595
2330
1438
1981
1407
1476
3820
663
3591
1010
1333
2269
2583
1141
3685
3336
3120
2049
3648
3472
747
2925
3160
3259
932
3244
3128
2846
1608
2203
3471
2788
355
1567
1140
3569
3351
2758
3313
879
2020
2728
2107
3506
2409
772
1460
2948
1533
1427
3460
2902
3317
3741
431
1985
2922
3531
2942
2625
1801
749
3194
3900
83
1258
1526
128
2523
1311
2933
1431
2182
1852
2558
3219
3715
2191
211
404
522
3631
1545
1500
3271
2295
3479
1301
111
478
1371
688
1588
657
1052
1707
3682
2705
3671
1739
2877
856
3321
3697
2183
469
3146
3766
3733
2329
2250
3195
1432
748
2030
3055
3559
2958
265
2352
3130
2515
2594
3401
924
114
1919
612
3805
2419
353
2500
107
1636
3701
120
2914
3469
2830
364
8
3204
1644
3325
835
872
898
3073
2673
23
2752
1849
189
1327
51
446
3213
628
3240
2839
629
3545
2748
1306
3012
1903
3791
3878
2492
1524
1491
2029
1960
2027
