2746
1317
1930
1000
2217
3351
1032
409
3171
2654
3732
3263
320
1152
3320
1118
2310
1161
2348
52
1312
3657
3538
7
494
3134
1388
1516
2000
2504
3704
1349
2640
757
3879
2994
2806
1829
3366
3716
1260
2637
2087
257
1985
2847
2114
1334
2056
2645
1017
248
835
2154
507
3639
3083
1311
2817
3183
1056
2390
2655
1929
1264
2868
3370
923
3288
2947
2713
3715
3808
3161
2549
3666
754
2833
474
2939
3456
2113
2139
1406
3116
3578
3074
3728
3498
2758
2225
3284
803
519
1938
3346
3822
2965
2038
146
3735
2864
2430
3849
3807
2832
301
2766
1010
1215
2100
1986
2291
2234
1708
1126
1828
506
3771
3530
603
1887
3604
2036
959
514
593
3839
3014
2619
3765
1782
1811
1319
3217
424
606
1817
3794
3764
2603
2738
1697
815
3424
3563
3090
1686
2514
1058
3015
468
1783
1539
147
891
46
240
2144
2748
824
421
3695
1427
1816
1579
3239
2574
73
121
1992
2731
2265
2196
955
2240
2416
3641
3260
101
2467
586
1932
2861
1702
2397
3229
2101
509
2464
549
3800
2516
1663
2338
3505
3237
2732
953
1911
3094
1366
1070
471
971
3079
430
2845
2025
1271
3813
3585
3157
604
2263
548
667
2171
2784
3163
340
2685
128
207
926
3271
3584
182
82
3790
3278
3875
447
3259
1712
3041
2323
2102
54
621
2345
3293
3276
3911
1236
2776
2506
680
573
441
3256
231
3819
254
947
746
1594
2859
2176
2600
1891
2062
2355
3012
2165
536
3635
83
663
1959
2152
1175
490
404
1318
2932
3109
2694
1483
2967
2048
3608
3726
2831
974
103
876
491
1692
943
3848
1393
2081
3176
3484
1832
2268
1598
489
1081
3222
2424
2301
3817
875
3361
1153
966
878
3308
3313
3287
2090
3573
2920
1405
2123
482
3490
881
3328
108
306
2674
2317
2279
1552
2421
1720
3091
3441
2870
367
1646
3900
1428
3106
3860
3098
1981
2349
3118
1590
2527
1498
3619
994
3357
3002
2538
1346
408
2884
1998
3749
3151
3347
2812
1838
462
2887
288
3488
1808
774
224
3532
2675
3238
2457
303
3648
1980
1581
2368
2678
3055
1127
289
1292
3824
3419
3770
2992
2193
543
3137
3368
2109
1155
2444
222
1839
3302
3887
1344
2842
2222
3500
3878
372
2611
293
3583
1942
895
1211
990
2118
2242
564
3674
2210
3678
1969
3642
2906
590
2418
682
3270
2980
1544
3863
307
2620
3199
948
3006
3510
1482
978
998
1689
2241
927
1681
3247
1926
253
3299
1931
1610
3141
2377
1265
701
3063
1419
675
356
1729
1337
3464
1680
3100
880
2244
3401
1037
280
2890
3042
243
2335
132
1402
2745
3437
2509
1139
832
1659
3607
2697
1447
1065
1174
3309
3855
3422
3307
2834
176
2468
2530
1840
3392
3124
3588
1907
2029
1669
3630
1066
677
2245
3689
1094
483
2666
3569
547
2518
2362
1381
410
317
1076
1171
2901
488
3423
3367
3671
904
944
107
2365
921
2563
1200
3534
526
2910
2529
466
2651
2143
1493
2959
777
3660
3268
3434
9
3024
818
2905
3221
980
418
2148
3093
3883
636
989
2142
3131
2486
1423
361
1105
1106
1715
3087
753
3834
1632
922
2587
2243
375
2046
991
1763
3772
2999
2448
1773
3742
1994
1845
2711
3113
3449
3062
645
715
3845
707
2441
867
1927
392
2296
1229
1661
1865
555
3495
3485
2051
31
3511
1341
541
1588
2663
3594
139
1048
1739
3672
3384
2328
2126
3467
473
3737
2546
1575
1882
2130
1022
738
1772
3135
561
1509
3159
858
3629
1487
1572
3867
1221
2829
3589
475
937
428
2900
480
3550
1963
2692
3445
357
3637
3169
653
691
961
344
2033
3858
1441
2155
3190
2942
109
1666
801
399
3306
3454
2749
772
3787
2517
1367
1464
2922
351
2197
3837
3107
3501
2915
1389
1714
1690
1324
266
1793
2814
2837
760
1890
1949
371
3117
1484
627
2521
2909
1383
3776
71
704
324
1554
1988
2069
3120
1952
695
579
699
984
216
3759
2364
3712
1736
3731
2894
3758
3099
154
2251
643
3136
2446
2699
3139
3430
360
2737
3360
1156
1945
3314
1288
2398
1339
1087
2843
268
1822
1150
3155
930
648
2586
1148
314
1481
21
177
3705
1671
2768
352
3115
2280
2634
1315
2501
2579
1489
764
3400
2615
2804
1308
19
2629
460
75
1101
1179
1540
2480
1146
136
246
2351
3264
1210
461
3711
3219
1057
11
905
3031
551
105
478
479
1508
2128
2830
258
1987
94
1961
591
1225
2270
2964
1130
2179
2360
1947
2984
1008
2238
1820
1601
218
3020
1652
377
3121
178
405
784
3513
2787
2503
3804
3560
3073
388
1642
3610
3496
89
1979
1819
2445
20
1915
916
2756
1111
1233
3045
2614
3812
2410
3631
2791
1546
1444
2988
2888
1077
2129
1074
1731
3356
1944
2281
3072
1859
383
1996
3305
3901
3034
61
2670
1566
1386
2060
42
2358
2381
3519
3529
2716
262
2458
1030
3056
711
142
3095
734
1151
122
1115
2963
305
2121
635
524
3025
1358
2055
2189
809
1556
1602
2686
1234
2075
3291
1497
500
1258
2254
1606
2308
1916
1416
30
1439
2968
1026
1338
2826
2047
1740
2322
520
599
118
651
2729
3413
1678
2747
2052
2326
2071
839
931
3310
1352
433
3803
868
2593
2230
3343
1036
5
2618
345
1861
1262
484
1187
3394
3757
1976
1351
848
1184
727
3385
2849
2216
193
1433
2898
1764
3102
1967
3722
624
3203
3096
553
960
2232
2852
1425
3476
1522
3895
1640
1494
3870
614
1896
3914
3001
2986
1694
1016
1593
3533
3913
1682
1350
1138
2934
2991
2
2565
200
2375
455
2173
3145
1638
3426
3060
752
2384
1120
3435
3064
2147
2112
2566
1653
2987
2958
3825
972
2912
897
1919
1503
1348
2473
328
1380
2184
670
2811
50
3775
2643
683
1475
2386
1724
3338
3650
2067
841
3621
1592
414
6
560
3483
811
1395
2719
1176
928
2684
2187
977
3455
492
3544
3522
3469
3838
810
2302
616
601
647
1267
1060
1342
3473
758
3175
2523
2954
3167
2797
1504
2469
39
2080
3561
1086
2681
1637
1343
3429
79
1834
3556
1218
3566
2229
459
2324
3312
567
3729
3081
3252
313
3558
2627
1605
164
1524
2624
3211
1321
304
1701
1565
1958
2003
669
2700
1767
3193
1657
2008
3303
2057
2373
416
171
3747
2285
157
3548
355
1719
2867
1823
1109
659
1096
1119
2163
3851
1978
2679
3535
3784
550
1532
849
1228
1597
592
1501
3216
2218
1912
3386
1290
3810
1962
1815
2312
2350
3432
2572
3075
2780
127
3481
1304
847
1650
3614
1941
1713
2613
190
3431
1700
1560
2557
732
2499
1869
2104
1526
2540
3150
3198
3447
3577
496
2086
894
2340
3059
2334
2346
2908
1943
623
1154
1424
2053
3187
823
901
3172
1725
2800
3425
386
906
1608
1124
2297
3301
353
1633
3253
2531
2815
1776
67
2073
1769
155
3178
2519
1257
655
3265
3865
226
2009
1771
3061
3658
1805
2066
3518
3682
2293
3125
2673
3166
185
2084
577
3656
1655
219
1355
3866
3768
3520
158
1135
2936
3285
12
3428
144
1272
892
729
1064
3243
43
1821
817
2945
3442
1726
2014
1378
985
3204
2153
2742
2854
55
986
2438
756
1910
3297
183
2698
3185
77
2414
230
59
1535
252
1841
1183
2149
2061
3676
1477
2547
837
2166
3885
2454
2976
3182
2195
2455
426
3416
2325
3019
1345
3029
2021
1586
1835
3273
938
3598
992
2926
584
3461
3692
808
1595
3624
2437
575
3395
913
1024
2724
2132
448
3129
3565
1909
3046
2215
2735
2495
3699
2336
116
910
730
3706
2687
936
2200
1670
1443
1015
3130
1195
1585
3378
2367
1268
568
2108
1745
3497
3571
279
1159
2751
2788
1391
3605
949
900
602
1004
3433
120
1871
896
1751
2097
1104
1906
942
2253
1201
821
2688
2497
1567
3414
3638
2400
1975
3374
1850
1490
1880
2977
889
1750
259
3225
2891
1591
2239
1511
3701
201
3681
1112
3730
1676
1895
566
3773
1746
3375
2295
542
3037
2601
2403
3874
2305
1999
2632
761
255
3831
1486
1792
1412
639
354
1866
1768
316
3801
2304
2533
2022
1365
2034
3828
1534
3016
2653
3389
2556
1133
1357
2182
2973
27
1617
973
2439
3412
281
2466
96
3655
3201
3842
1251
396
3615
2630
1757
1170
3388
3708
2899
525
3324
1451
3451
3861
1275
3354
1620
2037
1609
3223
3286
1450
1107
1541
2428
285
1770
1061
558
3152
2895
3213
562
829
1420
3415
1063
1935
2741
163
3281
2693
3379
3177
3647
1955
987
781
3070
2220
3316
2267
907
2425
814
1073
2116
3274
1884
111
1354
2703
3902
2949
2537
1360
2631
3282
2925
1449
2347
1136
3058
2487
38
1278
51
1232
1189
597
286
2356
1472
2552
1333
3645
1886
633
3443
2564
1430
1041
2207
1031
196
233
865
940
3734
2278
2303
1079
518
2916
3503
2822
1964
2353
2359
2250
1683
2198
362
534
800
3076
2408
1703
3769
2728
3486
2943
1679
521
2453
2262
1296
3888
3627
3482
2002
3761
3233
2204
2380
3778
3325
2190
718
2088
3780
2321
245
3634
180
768
685
769
1903
423
1197
1704
1202
3251
3515
2227
197
902
1799
2332
563
2914
3133
1696
1219
3436
3815
1710
510
3326
1305
3240
1491
2162
3170
78
2589
2610
2039
1404
618
1033
2591
2259
965
863
93
589
1103
505
736
1461
387
1462
2662
2750
3542
437
630
1005
1506
3466
2307
582
1421
2226
3119
854
3733
717
3092
3499
1091
2141
3816
3721
2848
395
712
3487
3829
1353
186
1553
3448
828
1991
3646
908
2136
533
656
2779
1901
2402
298
2318
3623
2810
3410
1749
2897
3516
1868
3762
3294
1621
2718
3531
2137
2730
1285
1695
3371
979
271
1857
628
336
420
2127
18
3509
941
2789
2876
3785
2352
2881
3246
1301
3688
767
1330
1307
641
1627
2211
766
329
1295
634
1072
700
2150
3670
2948
204
706
2248
3898
141
2558
1928
2911
2406
1266
2261
1625
724
870
429
2554
3218
993
1582
3254
2249
283
0
74
1721
2568
337
2470
873
276
1034
950
133
1496
2091
1361
2827
3869
2904
381
3390
2671
932
731
69
3549
234
735
264
1306
389
2903
8
2094
874
1165
3854
3872
2985
2372
1326
834
3696
102
3700
1933
864
3377
833
2825
749
2462
1045
2882
694
3261
1836
382
804
836
2648
3767
2576
945
172
3494
771
2429
3144
2510
2866
1192
319
570
1837
2257
1331
16
3880
485
1571
2743
3206
1429
3391
393
431
2201
3846
3526
1529
1921
3399
3030
1002
1843
3593
2740
1797
999
3568
1795
2401
22
1261
3065
719
1142
2712
1478
130
3453
332
2181
1977
1117
3884
400
3007
3397
3168
671
1798
398
380
25
225
1547
3793
3691
2161
3402
3683
3873
425
3547
1514
1711
2860
443
1894
3736
250
2054
2836
2320
1249
1873
813
2561
384
261
1538
2214
3103
785
924
1359
228
2955
1543
1639
1954
1875
2715
3439
709
2050
1495
1596
770
1199
2744
637
3602
1238
44
3147
3582
2329
3557
3269
2106
3792
2795
41
3702
2924
181
1186
1401
1854
1668
2761
1888
3114
452
1456
1471
3524
1520
629
256
3625
1166
697
2028
3344
1413
1990
1897
786
2032
149
2500
2873
1515
1067
2616
607
1920
1800
2931
3322
450
996
3028
2551
3796
175
885
1226
946
2255
2007
3197
212
1613
958
347
3295
3230
3127
1274
1408
1445
726
1025
1001
2063
617
872
140
477
2893
1699
3652
1707
1256
3751
1872
1089
1983
2778
2647
3317
3315
112
321
2343
1806
1551
1807
1162
1099
2542
2567
1939
3916
3748
1093
2617
1068
3489
581
3138
235
919
1242
1100
2793
3551
644
129
1753
1368
2145
3097
1012
2463
349
2167
3852
1018
1814
1095
740
2221
2427
1924
1600
1375
3369
1084
334
310
3636
3687
1492
2012
2475
1615
1178
2436
855
1372
782
2821
1013
899
2491
1325
967
2407
91
339
963
3071
2399
1128
3543
2792
3882
2432
508
642
585
2306
1519
156
1599
2156
1758
806
1235
850
1645
1244
299
2863
2228
1460
2765
1629
2982
840
3859
1476
3409
912
649
3662
3587
2805
215
1778
952
3156
1635
1900
3191
3806
2902
3052
1452
3162
3411
312
3376
1299
596
2395
3242
265
3663
2883
2287
3164
3010
2721
2857
239
2960
2575
1163
3396
2089
1791
1398
1660
87
295
3555
138
210
2772
1937
229
1400
1435
2460
612
3564
2093
2309
1363
820
3779
2471
1253
1874
3493
1122
2770
1672
598
2422
531
2172
1918
1730
1246
2790
2122
434
3802
2928
385
2419
3143
1194
3215
3111
2409
2450
1276
2652
1397
35
3541
2498
213
251
2702
1533
3537
2074
403
3009
2636
3783
3477
3841
3330
2505
1172
1801
1181
600
3427
2520
1902
3468
2971
456
1687
1442
3049
608
613
2879
2588
1716
134
1052
676
2105
2584
1818
2956
1297
124
2892
580
1082
2508
3188
3475
523
2096
148
2331
3871
2388
184
1280
422
95
3738
1422
1252
1747
1040
1631
497
859
2937
463
3799
3579
244
170
615
2103
2714
3690
3289
3552
2862
2872
199
3463
2095
578
3857
3241
1038
1982
2083
797
2502
2394
1997
3574
755
343
3039
658
2045
220
62
3679
3311
2733
1222
236
2041
2844
66
1557
3438
1742
3236
2435
802
296
1323
788
1761
3892
513
3613
1934
3478
1071
3258
2801
1414
2570
1432
565
3480
1796
3457
720
2628
3318
2213
1046
205
1273
1160
34
1616
2483
877
3724
2722
522
929
2342
1455
131
2474
3146
2642
2609
1409
3684
2494
2764
1140
465
3165
37
3038
883
723
2975
1673
722
842
2553
954
2269
3570
2885
805
1922
1362
2183
1641
3086
3292
1623
3363
2507
1121
1545
1438
3153
3382
3512
1465
3596
1855
33
179
3158
1624
1003
1781
1898
444
3080
2272
1973
2919
100
348
3184
472
2068
1824
3066
126
3741
315
2040
2596
1157
2237
1957
481
1562
2641
2771
2404
3226
2391
1630
487
60
3868
2590
2841
1440
1131
2846
2649
1754
2869
2782
595
3005
3713
1848
476
3277
1129
1394
3853
1647
76
2024
110
1948
3668
3504
1913
539
532
964
272
342
1611
1893
1709
3244
1558
3262
1231
3234
14
571
3707
2274
270
3053
2465
3601
1580
1826
2777
413
442
3617
780
3051
3452
2865
223
2966
3345
1658
203
3811
3035
2775
365
2031
2606
2707
2794
2072
440
470
1250
2855
1780
3013
1559
1518
3471
1786
1693
2526
1723
2983
1329
3381
2607
1809
2337
2415
997
3723
369
538
2049
2246
1269
145
1936
311
1014
869
3348
1294
3820
2199
1011
2180
702
2555
819
1302
2962
2656
2515
652
2064
1473
1858
53
2119
278
794
117
2819
1825
1320
1097
3444
688
3894
2639
1993
3231
1277
527
2535
1589
587
1044
3194
2952
202
167
866
2452
1634
3640
2472
1570
451
3697
2440
3154
3044
3912
1309
1636
115
982
995
499
903
104
3864
545
498
1717
751
2599
3340
63
2774
713
3710
3349
3877
3491
2098
918
3626
3202
1092
2490
789
2597
2042
291
3195
1147
673
338
1577
1722
692
40
3814
1102
3479
2512
1116
363
2282
2582
1314
370
672
2545
2219
3904
3693
2485
939
2412
1293
2258
1436
3677
1168
3750
1908
2035
152
2461
187
1
1479
2020
2496
1164
3210
1691
2030
1662
3033
242
1899
3507
1279
1860
1347
1248
1651
3746
1765
2838
119
358
84
2313
2456
3856
1055
3280
275
2573
2354
2175
302
1193
915
1190
1191
1499
3539
1923
3805
3907
664
3651
3192
3843
2660
3576
3123
826
458
166
376
1584
588
86
1528
3398
2661
467
1169
2577
249
1263
957
2638
2385
860
3008
1223
1607
576
2667
2315
1180
2621
2929
1431
2677
2158
983
1698
3279
168
1995
1718
559
445
2569
1688
3196
2918
1685
3474
1205
3043
3821
2016
3472
3140
3756
1167
24
3649
1612
1062
1021
3224
2525
1370
716
686
1240
2231
446
2059
2802
3387
1141
3514
368
1847
909
1374
3521
2489
763
151
2562
1417
2938
1007
1530
714
3581
2292
1779
378
3329
2650
3798
3739
1914
2447
3408
2264
1042
2689
3830
2376
3336
1485
2209
2720
2704
2757
1196
2622
2559
1328
3319
1737
2635
2120
3418
346
294
2319
703
1517
3517
3795
2727
2405
1846
2271
1500
3004
327
3591
1125
640
438
1974
3350
1075
3743
3257
857
1856
1537
3181
3017
2935
1876
3718
2482
1521
2886
3546
406
2125
2379
3899
3789
1069
1426
2233
1214
2019
206
1867
2299
1470
2672
1028
620
3335
1951
3881
2434
1145
3296
99
1971
737
779
2327
2413
2957
1254
3440
48
1123
2451
2972
2657
725
3417
3600
3876
1830
2004
2796
1968
1853
2953
3333
3703
1643
1644
3250
2970
1035
3609
537
209
2300
2339
1706
3207
1480
846
260
2839
1573
1803
2275
2017
3373
211
1728
816
3067
3644
88
791
1665
1283
2344
557
274
3275
2595
3160
333
1371
1335
2755
748
517
3003
1463
123
1656
1377
2907
2773
1603
935
1085
1849
3562
137
189
1270
898
2807
843
2923
3891
1870
90
3862
3458
2389
503
689
2177
3104
308
47
1989
3744
1298
2168
1510
3023
267
3462
1407
665
3186
3654
544
2528
3128
1137
1794
1173
3827
795
668
2010
464
135
2276
3752
569
1043
887
2534
292
160
1457
822
495
3618
3836
2085
214
3149
1956
2917
744
3611
625
1282
1310
397
1744
2940
3331
3298
666
2333
3327
2754
3235
1756
2541
3018
1527
515
2396
1090
1396
2522
2070
2951
3021
2366
2023
976
3323
1842
2710
1790
2387
1785
3209
792
2665
1054
3082
2135
3664
1550
3686
3659
3833
1322
1833
2235
3459
3606
3675
2477
687
2205
2236
325
3112
1203
1220
2188
1059
1812
1863
407
2835
3590
1664
2695
1507
1862
2752
1561
2330
879
2921
1336
2612
3339
765
2889
2311
2717
516
2131
3148
374
1083
3101
678
3026
85
1654
1023
1177
2813
1051
2370
1143
2411
594
1144
1965
1752
3586
2208
3173
3047
1741
3174
1029
831
2978
3068
3405
1777
2560
933
2786
776
1774
1940
844
1604
2820
2767
3791
2005
3622
2981
1399
1512
411
1213
366
572
1078
1549
2725
3628
1134
3108
2997
65
1245
2896
2875
3359
1705
698
3782
657
2294
3332
341
956
796
1459
2633
605
335
390
705
1418
165
3011
2288
3110
2989
750
2580
3527
3421
632
3342
925
439
790
1576
1020
2799
1387
1300
3896
2138
3669
2202
3763
449
58
1403
2099
1241
3300
3665
2941
2374
3554
2880
662
3835
3
583
3470
2151
247
1966
432
622
72
975
2361
2110
2092
2739
415
1206
793
845
3777
1904
552
2298
1212
2134
2212
1851
3580
528
3745
1618
3592
3572
969
3492
3680
3420
2696
3032
1239
1284
1727
330
173
882
3889
2159
2082
2691
3142
3465
1674
80
194
2442
3248
3661
2316
2818
3685
951
851
1788
2185
3200
273
3022
3220
2581
208
2659
3122
3364
1313
2856
2133
574
911
2449
1379
3180
1488
2762
2878
3818
2816
2357
2443
1466
2247
241
1766
1384
853
2769
169
2969
1755
3559
1369
1648
2026
3214
331
3036
1548
3774
3755
188
1281
159
1564
1243
783
3523
1255
2492
2798
3740
3832
3078
1732
1204
1198
2018
2668
1984
3290
3460
1437
1555
195
741
2277
2646
773
2191
1614
871
1207
1224
890
3508
401
3365
619
2065
2803
2944
1587
2223
2478
2417
2933
2950
153
661
2585
1667
1775
1804
2363
162
2256
2532
364
3890
2682
2760
2828
2488
3673
646
2763
838
191
512
3826
1385
1287
1813
64
799
3727
1563
920
3337
2107
3321
2734
3355
1188
1881
1568
3709
32
29
1505
373
2479
81
3893
3616
2705
3753
2626
28
530
1340
2851
3393
2871
1006
1569
1410
125
394
1892
2578
3633
2990
350
2709
3048
2676
2178
1844
2044
2853
174
1734
3189
3643
681
3694
2998
379
2598
2194
1009
322
2571
2548
3352
2476
759
2260
3205
2511
710
3766
3847
2961
2371
2484
2290
886
650
1953
1864
1291
3228
674
419
161
1327
2550
3844
436
696
1446
2927
679
3212
287
856
1960
3077
1098
