1171
550
319
1848
1315
2627
2664
3757
1698
3621
2266
41
15
2130
3749
1034
1060
262
3220
1589
689
1580
2989
1000
2080
804
2313
3494
3166
2101
2505
270
2725
1858
3532
3638
29
537
384
1889
600
2863
1647
155
478
1284
3891
3088
2599
838
784
3687
141
1775
1491
717
372
1779
3163
1360
2700
3822
3302
546
105
3089
2596
2038
2090
1394
363
864
941
3442
1478
2453
2937
2454
695
361
1245
3598
1290
2106
3602
1823
1208
282
1585
3493
209
2398
2361
628
3273
2836
3775
2424
1586
1261
1176
428
1526
847
1736
2622
805
644
779
3777
1670
1413
3505
3278
1961
2365
1071
53
223
1530
2046
8
2203
2057
897
3021
1583
1978
2315
1632
3738
3746
1438
2980
3156
618
439
1085
692
1158
945
3062
1468
2025
1480
1562
1776
1336
388
3740
3907
1948
2853
3321
1803
2054
1763
532
3916
2321
1300
3852
2901
1453
1801
1545
1067
2682
132
621
338
3819
2734
1996
1400
1443
19
1997
3029
1073
3665
2993
268
1599
1250
2158
851
1058
2927
878
3153
2087
1087
3817
51
1133
3853
870
3011
3133
2877
2867
2100
3280
1059
2486
2230
3217
71
3306
3799
3707
1794
1462
1851
92
1298
1601
3514
287
1520
2958
3373
2272
3380
3914
220
3793
355
2931
3245
2543
2464
2750
3537
2273
183
576
2661
797
2291
1986
3667
1574
1094
3599
3695
1884
253
510
2516
3205
3242
330
2051
3644
739
2624
1994
2940
3563
1622
1703
1729
2442
641
1833
1604
1297
3656
2942
1983
1454
2196
63
2887
3836
3122
2338
1069
1845
1441
476
3606
2640
342
2773
1714
2922
3833
4
2717
80
625
447
731
2337
1840
2641
3179
1816
2921
1072
1326
814
1550
2428
561
1927
827
3129
3508
2465
1789
261
1344
430
2809
2078
1312
148
26
2150
2330
2322
1754
2292
3204
3145
2419
2252
2892
182
1992
2678
329
3580
3697
479
1062
3263
3291
2024
589
2739
994
3219
401
1757
2589
3246
677
1420
2053
2642
1187
2662
3854
2274
2340
1481
2673
1285
3100
2311
3412
1222
3635
2110
2955
3194
1173
709
763
2675
3376
813
108
1911
14
254
22
3296
2796
2169
3251
3254
2138
1055
175
981
538
2085
649
2189
1177
1210
3495
2183
2135
754
1787
1110
1598
3729
273
817
52
3666
551
1287
949
3435
1365
1224
1770
2798
893
2115
531
144
1077
1847
1615
2116
135
1926
3722
1350
1332
3388
723
405
3198
3426
586
1521
2154
2832
948
637
1827
3511
2149
1460
664
1535
2271
316
1937
2534
134
1370
1811
1748
84
533
2630
3328
1374
956
2893
2240
2912
2829
1538
2658
777
685
2645
1970
294
3554
3135
149
1472
3641
107
279
344
1737
3036
3304
908
1147
1186
1648
115
2556
3199
772
761
1229
2900
1226
1141
1697
3468
3374
2711
3674
2319
3244
1131
2842
3351
3510
1253
1346
2745
543
1204
1777
1451
2780
638
932
579
219
1527
1377
2610
1459
85
2129
3395
1192
2372
1277
3345
968
2851
653
654
599
1228
2763
1782
3007
3706
909
2388
1323
3623
2850
1747
229
307
3225
829
728
2911
1594
2941
3300
2005
2896
2860
3788
825
977
277
707
3115
812
364
2494
605
1949
656
1407
1569
2142
2659
1160
2336
2104
1049
459
3408
396
1938
2769
2938
2480
1508
1943
1541
1254
1547
1325
1201
1391
472
1621
1952
1912
2968
56
3158
2837
1967
1836
3012
3261
1731
1070
623
112
3103
2096
2517
842
2026
454
3702
1908
47
2354
2776
2258
2748
1198
3686
3523
2803
2400
3509
2778
1573
674
2858
3239
139
3553
2793
74
410
1546
204
3046
58
190
2578
3520
3552
1292
1626
937
1339
2134
377
0
3876
1417
1217
464
1529
2247
3341
2847
3763
2636
1765
3728
547
1617
1017
234
1387
3099
764
997
1785
581
3616
2081
691
1960
3074
734
3705
2768
1139
3294
245
249
3111
3238
467
1980
1957
1123
2604
2523
1516
1898
347
913
3114
2588
2885
3721
159
335
1790
2206
1138
2376
394
413
3155
17
1313
918
1241
3406
3823
1355
2128
2164
1891
610
1531
3313
3579
2856
3622
3262
490
354
2770
415
199
1375
3362
2000
662
3214
2041
81
2508
2378
2307
1099
3134
2577
3677
227
391
970
3170
1930
969
1127
2781
3230
489
987
3042
2626
2878
2360
35
820
1180
2729
18
3842
2016
681
1083
1167
745
710
771
2866
3399
2178
2830
2528
3620
1644
991
943
2435
822
3663
2404
2212
2474
469
3039
1964
1887
3591
2061
3544
310
3897
2742
2214
23
130
912
2243
2811
1193
2976
3736
2919
295
1128
3693
3894
2895
2984
2111
587
905
3634
3160
3874
1643
1822
1956
1674
2697
2671
2472
2799
1951
636
2881
2049
582
2573
3414
446
3249
3120
362
3241
1429
597
3213
1030
1248
2418
286
2285
70
1953
1642
796
1161
3193
2943
3673
3869
2060
2660
1140
1868
1638
3883
880
3649
964
1331
2825
2936
3652
808
346
1657
2727
2957
177
3287
203
714
1537
3048
1761
3766
2439
1932
3536
2908
2438
3465
3689
423
65
663
1276
73
1096
1122
3609
3267
2680
436
2310
1009
1814
3551
583
2952
2172
574
1720
300
1989
967
2712
1203
3178
3671
3456
3386
2493
243
783
2470
3516
553
529
2760
2297
2618
3562
1518
3035
815
1308
1191
2055
830
3064
749
3756
1774
3028
919
3398
2260
1004
3394
867
1485
2426
3076
1985
1002
2805
3315
1053
3265
3726
3255
874
2403
1314
1463
839
3196
359
3758
3704
2483
3363
926
1022
440
3360
3369
3759
2808
127
511
3867
3747
3813
97
891
2277
1810
1739
1649
213
3337
1856
1414
3802
3888
2031
1488
2934
3688
2048
619
1966
201
2236
659
793
3436
2914
1587
2245
2913
371
1982
3586
475
1095
3347
3835
1416
1788
306
3165
3281
3596
687
3502
2323
3286
1797
1958
3519
460
3438
2097
2629
3044
242
1505
1252
217
2420
3912
858
2194
297
2399
3420
1563
365
950
403
769
1469
3184
2267
2679
3128
1129
3637
3292
3720
218
1663
545
3830
944
1153
1243
584
2083
1385
302
2848
1225
1665
2744
2667
1433
1247
2609
3776
486
2974
2429
2182
748
38
982
973
2634
373
1366
3055
3662
2960
3110
843
3002
3377
592
3608
889
744
1613
3714
3481
2821
2767
3098
2461
2246
3752
680
82
462
575
3136
3065
44
1923
639
701
1806
3317
3500
3642
2276
1655
3331
280
2201
881
1282
2864
3682
3175
2702
3271
2355
3724
5
75
2574
133
2088
3222
1179
1897
715
859
76
1045
3617
126
1874
2405
1914
1618
1988
334
2002
2282
738
174
1963
2845
3069
2238
12
2301
1591
1999
1685
1159
3837
2677
3211
917
3779
2460
3643
2223
1184
3475
504
746
98
2257
740
453
2432
3346
2326
789
2576
2052
1842
1525
2043
3105
609
1307
3024
1289
2358
1941
1885
3718
1876
3326
228
382
788
1841
3826
2552
841
2103
1513
13
1719
525
853
2947
2109
1544
947
311
2646
2353
3054
1359
2279
1142
2021
2939
3290
131
2327
1955
542
226
2875
241
2095
1564
2401
380
1913
11
2766
345
3484
852
3017
288
1781
2710
2670
178
2657
425
3772
3019
2377
3038
3319
2785
3487
705
2035
1351
198
1681
1578
3421
2620
3343
3886
1361
1699
3559
3884
1430
260
3006
3075
3610
1766
921
3857
1021
3146
518
1356
1404
1669
1486
348
1630
473
181
3285
45
875
1742
3792
337
986
733
3183
3639
2898
1661
2184
3391
2082
1052
3839
2617
463
1524
1522
3892
3778
703
899
79
1048
2555
1401
2930
2423
1080
408
3851
3676
3358
2120
3013
264
3233
568
902
1498
1271
1859
776
863
2621
3366
675
1895
554
1103
1367
1054
3229
2131
1752
1863
2416
3093
1922
2521
1324
252
1896
3486
124
1837
3389
3824
3454
2708
856
807
1428
3498
465
2070
3068
248
1154
3264
2391
448
2058
1432
328
1726
3512
1503
3334
722
1125
2392
2880
1334
2802
1086
911
1809
3439
128
278
276
1010
2594
3525
2581
699
3816
2385
68
1466
3180
2114
1778
2791
119
2162
2701
2665
2153
2709
549
2093
3847
2299
184
2771
3780
125
2854
3370
3490
1975
2227
3856
3085
1018
3479
1329
922
427
1826
732
3611
2173
179
883
156
3404
1235
2501
658
1146
3587
2020
2028
3713
2628
99
1534
3909
1024
180
3445
1028
91
2265
157
291
826
1194
3030
1205
2910
2492
194
3873
2102
2515
1042
3716
1817
2137
399
104
3073
1288
3767
1126
2351
2650
2207
1105
3181
3191
2705
1489
3753
1188
1305
2270
3432
1800
2381
3282
2557
3499
158
3528
616
1689
207
2125
2623
676
806
524
2948
708
1493
3821
1119
1603
2476
2074
2590
2668
1780
1319
3148
339
1449
1273
923
2176
1040
2611
3131
1590
2531
3908
3060
1709
2268
2544
552
2174
1320
2929
3734
505
2066
3717
406
222
2316
2674
1104
1124
3577
3893
3058
578
87
1710
3314
980
1091
449
2468
753
567
1421
3648
541
1270
275
3140
1260
555
2759
1921
916
2676
3600
3147
211
120
1234
2977
3401
480
185
2235
2512
2303
1185
3807
3188
3564
1990
3592
2147
2455
821
1718
3322
2059
1968
272
2199
2954
1969
383
2218
7
995
2915
996
1402
1501
414
735
2380
3712
206
3079
604
3201
3569
1939
594
3015
397
274
2390
3533
3800
818
1293
256
2871
1032
1150
3463
2248
1634
332
3560
1682
834
1112
2608
868
3329
2411
3041
265
866
3190
601
2597
1136
1113
560
470
556
3899
1440
1212
173
1730
171
3797
1834
2846
1798
2961
3547
3814
1959
794
2625
2638
1633
854
2959
2436
1987
3433
768
3575
2926
1567
484
69
506
233
3235
643
3840
2156
2234
522
501
1431
2375
3289
3353
2191
2732
690
845
1784
2566
666
1628
3828
2996
1455
3080
387
648
2144
3710
2412
3545
3574
1038
3567
3773
2298
3858
2819
2216
3375
129
1337
2749
2964
3694
832
2558
1005
3349
3698
2241
3431
1886
2737
3787
3119
2013
43
3352
2485
2782
3107
1915
2897
2569
1556
3197
3357
2076
1907
1830
3754
2185
2456
3247
2503
946
2971
2703
1936
1240
3022
1971
2889
1684
3774
3077
896
3786
2140
1507
20
2564
2395
2857
1144
2834
3396
3393
205
3768
2295
1066
200
3739
443
409
3631
240
2410
1097
1552
2795
988
1011
1457
1239
1918
3423
2600
1266
1548
208
1740
1831
3234
3521
499
3733
3790
2820
1007
1620
3106
2213
1165
2366
3447
468
333
670
939
849
3338
2542
2491
1979
900
920
1393
3455
1456
32
2751
1510
781
1409
2726
1470
1384
1410
2367
2565
2488
250
2068
2559
1755
1206
1043
2072
3293
1619
2707
458
2186
432
88
736
2030
2427
2452
1893
2619
933
2518
1894
1854
2044
2920
2417
2587
485
3497
2373
1057
1659
3568
2519
1499
3530
3127
1330
1878
3231
1704
2477
3466
482
1678
42
1088
1168
3336
3669
3383
3846
2069
521
2331
3885
1791
1448
2872
1482
2747
536
876
2899
2965
3118
2226
3458
1735
2003
1846
36
3661
2784
1555
2879
1557
483
2312
3250
3186
2602
2293
3026
2706
1746
1838
954
1571
3701
1338
1890
67
2605
2161
3535
3572
953
882
2443
3820
1572
1873
2792
558
376
3355
3605
1721
1352
2387
2262
3531
1792
2982
742
3503
3150
2469
308
146
985
1236
2788
775
3685
2990
2386
3332
2302
28
2807
336
1102
1016
2560
3409
1063
3174
3812
2730
1101
114
1209
2800
1820
1286
2813
785
2306
2422
3307
624
3678
236
2905
2804
317
3882
3715
630
3392
2731
3588
1475
3260
284
1664
1269
2563
1084
2155
2065
2281
929
2475
309
3469
3683
792
1676
1942
1554
1727
3415
1035
2694
1511
520
2264
367
2481
534
2862
2823
1390
2029
34
2525
358
712
1116
2034
3094
3895
3540
315
3434
2606
3829
2549
1724
562
136
1306
1403
324
3305
3818
369
3470
1702
3459
526
509
1565
1650
1452
2715
1764
1263
2987
3879
95
855
3473
1981
2635
2050
3506
1446
2409
3010
3645
3169
1637
990
1244
2852
2356
1106
224
1015
3719
910
3323
3900
2916
603
2089
3485
55
756
3910
2529
407
215
2541
1264
3212
497
3889
2232
1230
2663
2280
2159
3154
515
457
1881
2917
3400
2457
3859
1625
3189
3144
6
1118
3741
2514
331
2018
1686
3177
3059
1183
3424
961
2146
872
1092
2684
2690
3782
2687
235
3130
3868
3070
803
3896
1089
3443
1373
2333
1597
147
2978
631
1107
61
2397
214
259
2195
2408
3887
2633
1445
2433
3684
1114
580
3161
1291
1732
1815
1435
3308
40
3149
3087
3151
2296
2001
3770
3324
2249
3086
3182
320
904
1349
3405
2616
290
998
1947
2777
1003
494
1487
2179
1517
523
210
2217
3052
2445
3061
2903
895
2835
37
3252
1640
3126
2524
2209
2607
1904
488
1767
3159
1345
2554
1335
2886
375
140
1528
1542
1233
3582
2434
1109
931
3113
3890
3699
3571
1316
3871
1279
3904
2112
437
884
86
3627
3483
1738
3524
975
3270
1734
451
3501
3142
2254
1705
1533
1190
513
3906
1170
778
3141
1962
492
2812
2507
2309
3550
1906
2202
3654
474
1372
1490
2840
725
1762
1251
1852
1368
2224
1935
3834
1723
667
1419
3640
1164
2342
3709
2208
1257
2786
1553
3538
2647
938
1001
3448
1813
3298
1434
983
1812
1916
455
1875
802
2389
3811
3437
3397
2364
3237
2502
161
2056
1871
2193
2471
698
1473
170
3138
2956
2924
481
3515
3137
1262
1195
419
2073
3771
976
1645
2382
627
1424
2440
83
1917
790
2215
888
411
1412
435
1311
508
1523
1666
2998
3796
1799
2894
3051
2062
3310
1668
1639
1117
2171
1844
966
2108
2490
1862
2653
1707
1310
3385
2918
3743
2363
3745
1115
835
392
2105
2683
420
1549
1984
890
724
3200
1934
106
1725
3737
3277
2601
2656
1612
1078
1231
679
1259
1701
1422
293
595
1398
1662
60
1388
711
3815
1100
3359
3744
2036
743
2648
3025
2187
2592
1860
118
3711
3848
3009
269
1502
2963
138
3288
3152
2972
1829
1744
424
1693
3444
974
54
3176
3755
2790
2571
3365
2595
3735
887
2797
89
782
3556
2287
3132
3558
668
2211
1172
1163
2229
1214
385
2325
502
1756
2332
1396
572
1925
2801
244
327
3116
1348
3861
760
2598
1037
3253
1576
3750
416
1940
1750
2370
2962
3092
632
3090
2988
1157
2151
1515
2004
1694
3218
3082
2231
1652
869
404
285
737
671
1151
3342
2383
650
934
1795
2448
3844
965
221
2007
2580
2666
1299
1570
117
907
2721
3576
444
1821
3626
379
3348
1380
2764
1132
1910
1713
2359
3901
151
386
3124
716
3765
1610
613
3001
935
2259
2814
3429
258
2794
1759
57
3162
162
3496
167
2583
1635
197
1296
267
3630
1347
3798
741
24
2250
3109
1238
1807
3653
3276
2039
1608
1050
3303
1321
3192
2643
2123
1609
2970
2743
2876
421
2379
697
3827
3416
2006
66
3014
3364
1076
3275
216
2113
1357
1232
3121
2975
3628
2831
1824
2348
1148
3057
2540
2421
3794
343
3248
962
1850
2644
1256
2393
682
3849
557
3597
752
984
192
3167
2738
1993
3691
398
78
1267
2733
3266
196
2139
2904
1595
1899
3309
2288
2579
993
2586
1596
3632
617
452
2204
3472
2654
3898
3915
2714
2482
3513
1211
3905
1145
2430
263
2649
3095
31
230
2724
1743
3430
2253
940
1026
3646
2022
979
539
246
3390
1946
3367
72
3681
850
2079
2318
116
3316
2869
1900
1358
2991
1200
50
3864
2192
3570
1221
1274
824
2728
438
2882
3327
3539
3629
3624
2735
314
142
959
665
3801
2870
1592
770
3838
1575
519
1646
1082
507
3344
1802
2124
612
2446
3257
2459
1051
1600
2414
2499
3004
2981
2787
3841
3595
2994
615
3625
1242
238
563
1341
1156
1199
3037
2631
1465
3446
1593
2593
3108
1220
750
1447
1796
3040
303
103
1283
811
3655
3050
3371
1121
2177
1081
1577
642
2063
3428
1804
2077
1174
1364
3209
187
2669
3008
3647
3083
2533
2407
2632
3081
3725
1933
2935
3259
189
1178
2107
2713
3223
121
1540
1397
3604
2513
3411
633
3601
353
2275
3526
2462
195
1560
1294
3195
3860
2699
1973
422
1602
588
418
2157
466
2995
2547
2294
2450
767
559
2328
3031
1458
3372
2362
150
1333
2317
2949
516
2092
2906
1406
2165
1056
684
3354
1182
3384
719
417
1627
3543
2037
3477
2121
2346
1216
2504
445
914
389
3590
3594
3312
2907
3760
2286
1654
1722
1924
1437
3101
2335
3761
3071
3378
2718
915
645
1611
871
3658
3680
2344
2944
886
2463
370
1152
1920
96
2122
2816
2368
239
1853
2219
1559
2716
2639
122
3207
598
3670
2752
2546
2431
1872
3791
2855
3863
527
3866
305
1641
2467
3020
1098
2723
168
1303
2225
3679
2932
1
2652
3413
3808
2833
3449
3206
1656
2883
2511
3047
861
1130
143
1772
2655
1629
2585
395
3284
2244
3862
160
2402
1046
1175
2951
2953
176
3690
3215
3476
3804
1027
1492
3168
3023
251
426
3474
651
1135
255
1008
1166
2181
1019
2042
1494
577
706
696
1061
2562
3112
2228
3157
1246
3789
495
2535
271
606
1768
673
1425
2233
2838
3781
2923
1711
2755
846
186
33
1536
1415
585
2009
21
3279
3877
2861
1972
1977
3732
3053
2023
2352
3843
1769
3227
1227
1079
3335
903
2815
1275
2806
318
3878
2902
2925
925
2691
191
1476
2220
3748
622
2754
1584
1197
3003
2572
1343
1712
1869
3027
1392
1708
2458
1892
3297
2329
2753
2084
357
548
773
3619
102
3403
1636
498
836
2928
450
999
3325
3795
1418
1301
607
3139
3274
2180
2824
564
955
1354
3078
1506
958
1436
688
1680
2874
1683
3350
1919
798
828
860
1013
3301
1237
1169
2761
3427
1671
3903
1120
3203
1014
3615
1651
751
3675
2973
2017
2538
573
412
3333
3056
64
3461
1202
2305
2010
2614
626
791
3272
3783
535
3566
2985
1036
1773
2685
2740
1162
3806
3117
657
3865
2695
2495
3845
2205
1879
2496
3173
2098
747
2190
3440
530
325
2148
3607
652
1386
3224
1945
2374
2537
3283
2314
1691
3016
1302
2242
1495
2536
3870
2339
1687
496
2008
1715
3172
936
3762
111
301
374
2884
2950
2757
1342
3872
3387
3603
2810
3727
1883
669
2561
1870
602
1901
2553
2152
3593
1991
500
3803
590
3488
1786
2526
3104
1369
3825
1134
1861
3216
1111
283
3583
892
1427
2413
3453
700
3660
1461
1093
49
1047
2012
3221
3612
1808
1624
1514
169
3236
1444
3318
1281
3339
678
360
2345
2520
326
2071
2132
3529
3256
3911
1064
3299
3880
433
1464
3561
1483
1631
2859
3462
3043
3565
1867
611
441
2966
3000
2999
978
2425
2126
3651
3451
257
672
1690
3650
2067
816
2548
3381
795
2783
2166
172
2133
1074
3805
3581
2394
2040
3548
2163
3881
1363
3084
1819
2210
928
2141
2167
3
2688
2822
992
1623
1865
1717
2612
2168
620
3613
3171
2449
1389
1995
1041
352
1383
1450
3226
3855
493
154
3379
3419
2839
1149
3492
3478
3210
2539
3913
366
101
1902
503
2762
1039
2603
298
844
3633
356
1828
1068
1362
3507
2826
1835
2843
2686
862
400
1381
3723
1855
2774
471
2979
2672
2498
350
1304
1579
3033
702
3584
901
3742
898
3480
2086
165
544
1753
2222
819
2550
2865
25
2489
153
2484
2064
137
566
1843
1733
608
823
1471
461
2497
837
1477
1745
3657
1679
2320
1558
634
2099
3361
231
390
3731
840
39
2890
2584
123
2324
1155
1695
2789
312
289
2570
349
726
2349
1399
786
46
3295
809
960
2532
3785
1497
2615
1196
188
2933
340
3664
2188
2817
972
1353
3589
2841
3368
2466
3018
1439
296
3356
442
1322
927
2119
3072
2818
2704
2828
570
3311
1371
1467
3764
2197
1181
1667
2032
3542
1793
517
3549
1044
3809
90
3067
2015
1849
2779
1607
3534
1249
2341
322
661
1395
873
2033
2284
2758
3125
799
2014
2289
1929
3557
2075
3522
1500
378
2091
3700
2143
1223
765
1519
774
2720
1692
1561
2127
