3183
2085
596
1969
3656
3753
1158
3376
2934
3219
2875
2033
1588
3683
2963
3584
901
1429
425
3428
1295
1018
224
529
517
1573
3492
2123
1414
1701
994
3273
3338
3501
1028
2832
2042
3435
2920
1073
82
2706
284
1171
2836
3761
1869
31
2429
3708
1476
3176
1675
673
2915
1032
1239
3458
2367
925
1413
1680
593
2951
1850
2888
1016
1045
1440
945
3502
2150
470
2450
2673
2692
1789
3871
1811
3191
71
1754
556
1298
2036
3240
3457
3804
2798
1299
2140
214
2350
3694
2873
1122
1766
2740
3464
1207
108
169
647
2772
2840
3272
1310
53
2164
1546
1556
615
98
249
495
262
3633
143
2358
1315
3912
1990
1479
1052
3422
3415
2644
1358
1567
2004
2796
1880
1235
2522
2219
3013
2193
3491
2051
2382
1936
1640
3663
569
1882
3114
1432
560
3386
1139
2200
2793
3190
587
1238
3304
1651
770
3404
3390
2564
293
3181
999
170
2822
1894
1801
1764
2558
2700
2818
1214
3600
2979
1265
2081
2281
1771
3262
3880
133
2288
3715
2728
574
3790
3748
1264
3521
3348
989
3372
475
2848
398
3185
486
1253
352
1054
3199
2269
14
1749
451
88
1460
2925
902
731
3364
1967
964
3330
1132
449
1020
2284
2808
295
756
2271
2620
2663
1249
2027
726
3094
3138
3819
28
1079
3086
1197
1958
720
3291
2533
2056
3637
2930
3873
2525
648
3496
674
2184
3737
1575
1308
1468
1155
1504
977
1837
241
94
814
2957
3302
3470
3050
2481
3334
2684
1813
52
480
1493
2158
653
3830
126
1443
2332
1015
3689
745
2020
2505
2048
2472
978
386
3446
3277
3174
55
859
3562
2559
839
692
2059
1017
2129
813
1778
2916
2943
884
2249
3731
3454
3494
531
584
85
70
1477
2469
1730
2577
1538
1119
3154
2526
1388
1517
1650
2711
124
1677
3881
309
1679
2876
646
1930
2689
2205
1959
328
895
1396
908
1055
1458
628
3586
3019
2727
704
2592
2316
2988
288
2144
3751
2478
2149
3332
1521
2654
2764
1561
1300
296
645
3108
157
3349
2760
3847
1288
3383
3802
3555
2864
64
3153
211
1216
930
2428
2331
3828
568
3129
2035
1185
1566
1772
38
2499
3184
1957
3849
2309
508
3798
1062
3321
106
3370
3665
2061
2735
1620
2215
3140
1720
3333
1726
2506
2538
2409
3601
105
3563
3493
618
351
2384
1606
3388
3473
1615
2267
3135
671
2961
3771
3161
3449
730
2956
702
1979
2146
2523
2216
2204
1812
2492
2483
2834
2133
2052
1356
2667
3631
203
261
275
523
1728
3377
2806
1698
3177
917
3860
3528
43
771
3684
1147
1327
2828
3051
1284
2053
3067
1270
1400
1690
2597
1398
2539
2086
3645
3271
600
1713
2710
1628
514
3781
1292
894
519
3257
236
2838
1528
2725
3813
1866
1354
1725
1389
3754
2457
2932
2445
72
2456
365
3212
2745
3089
1027
941
609
1512
2989
3065
202
657
3916
1717
2497
1087
222
1719
762
1632
3392
2553
3699
639
1256
1334
2636
3021
2251
1329
3901
3886
1854
3678
606
3182
1041
2013
2109
3878
1664
768
960
3727
2958
313
3322
3275
3026
2496
3567
489
1456
2894
1183
3012
3674
2210
439
3235
3575
3189
3049
331
3117
718
650
2977
3610
2431
1729
729
3829
1654
1780
761
3102
2491
2622
1786
390
304
1750
1179
223
3675
3095
922
1542
3500
1332
1352
3475
3526
266
3217
1616
2390
2068
2401
2695
2778
3080
3211
804
2630
1838
543
2501
3145
772
401
779
1384
3704
2877
2730
1583
2858
3644
3158
3554
1113
2018
3023
483
2397
993
3451
765
1543
1874
2272
547
2342
1459
776
812
3570
1091
581
151
3087
3141
3472
3407
1418
876
256
2489
3831
913
2770
2346
2918
1904
1321
408
1229
1960
2510
207
2381
717
566
912
1145
1471
3421
2652
33
2978
1944
2001
322
59
2349
1576
3373
2128
2335
3701
400
1363
1849
3791
1234
3218
60
707
1697
763
1500
2323
1219
3744
96
1397
754
3336
2454
345
3517
3801
3460
773
625
3846
1740
281
2043
3579
721
1734
2
1195
3325
3295
3611
890
3426
2130
1005
3099
3693
260
1490
3131
3703
612
3576
3164
2168
3841
2436
528
264
1966
404
2314
537
380
1973
3498
2837
2400
2750
1593
1792
3043
1324
2046
3512
1411
3016
3402
916
2312
79
783
1821
817
2782
2810
2999
1857
1223
136
2646
2815
492
3739
1759
3222
3005
856
2629
336
162
3479
1643
744
416
903
849
364
926
152
798
1337
3431
116
1259
273
1078
3911
3559
2511
3622
2432
1864
3075
1927
527
781
2878
3692
2899
2260
1043
1291
951
2975
1562
1485
195
3410
3867
2289
2234
2327
1845
2182
2223
2694
2859
1907
1511
2458
904
2279
3002
1791
1551
2681
2032
3543
376
2188
931
3132
1665
3107
3156
1279
159
2285
2111
3279
880
3409
2519
1663
2424
2122
40
1247
734
2090
2784
3412
2714
3357
661
2655
2641
1131
695
3220
724
411
1124
2100
1844
1084
3510
3081
2268
1887
504
1997
2791
1763
835
334
3289
3785
634
3381
1647
2705
3615
2585
3844
1323
454
3652
3794
316
1708
699
469
226
862
2587
2014
3328
1098
2852
635
3283
1594
1312
3892
26
3702
1135
2041
2107
3125
1914
1739
2682
1761
2603
2696
158
3629
2967
115
111
3606
3274
3721
2935
3423
962
496
3848
1188
595
2765
705
3350
1932
1934
1231
715
437
1544
2404
966
3233
3532
1248
1473
2237
348
808
366
2909
1103
3483
3668
286
2939
1681
918
3105
911
2448
1945
2169
1210
2078
1693
1070
2417
83
3054
2054
1952
3756
1757
1278
487
2008
2433
818
3910
3661
121
2965
2375
1743
73
191
1252
3506
3696
3282
3122
1862
1827
2661
588
1574
3522
2994
89
627
558
3588
1023
68
1902
2556
1692
1571
3561
1407
1970
3679
426
3395
490
3589
3255
3877
881
3651
1431
123
2064
1024
3630
2902
2303
3859
2783
3523
2180
637
540
1416
1412
2545
826
872
1280
3685
1336
2658
373
1357
2835
2045
274
3789
2364
1189
3565
1659
1977
1290
3378
3133
827
219
1499
3755
2986
3288
1199
299
1096
189
1901
1532
346
1676
1494
1305
2950
1406
1649
3869
687
1187
1233
837
535
2259
3884
1243
3583
2377
1618
1760
1294
41
2924
1039
3118
2914
213
3385
3398
2709
676
662
1164
940
353
3230
2286
1558
1859
520
2773
3298
2747
915
277
254
1353
2256
3740
3408
3227
2733
467
893
937
2919
958
3234
329
2225
2594
3866
542
1457
3682
965
2751
242
1127
861
1244
2192
3418
2731
2005
455
1478
655
1202
3169
2099
3143
2549
1118
2213
1345
2779
2434
2177
2233
668
2598
3603
1180
2600
3569
2683
3712
2985
2640
3734
2647
1019
3210
1064
1614
1732
2870
2609
2790
2561
3558
3312
844
3246
1560
3359
3870
362
1579
307
1470
3481
727
1976
2420
2148
2746
538
1670
3895
2063
2142
2410
667
920
173
3433
3760
820
2277
1917
3858
194
283
1794
1745
2656
350
3180
2540
1365
1568
995
1442
946
2075
2536
3490
3085
1953
2209
2365
1033
2910
836
3573
1641
1328
1466
3068
339
370
229
2452
1035
1361
1029
1987
3713
282
2345
1875
1484
2174
1897
1926
1275
3803
2998
2208
3195
3818
3836
3827
775
2173
2826
2194
2738
1349
192
2855
243
2297
2997
2847
3207
3598
385
843
1037
972
3795
360
883
1529
1451
130
1350
2665
641
1923
120
3072
3029
2476
2891
190
935
1906
2718
636
810
3192
3855
3201
2804
185
3056
429
1001
2368
2326
308
3351
3053
3634
1492
1836
3113
3363
829
3343
287
2741
127
3777
591
3854
245
2172
2009
2844
403
659
2153
3197
997
2252
703
1860
1086
2588
3623
1686
1994
2795
1047
2438
732
943
2282
2722
2743
2306
2528
3037
3695
3903
3765
1430
3313
2416
3865
3511
1002
737
3103
3413
1570
3688
1548
1226
2189
2265
1241
2809
63
1788
2287
196
1286
1120
1878
1520
176
1497
3250
3061
74
1924
549
3843
374
3059
3646
2771
232
358
3224
3609
3647
2386
3811
141
436
118
2154
3899
2605
553
3885
2554
2167
1318
2138
2157
3463
714
3382
2389
180
3705
1355
3907
2754
1399
48
778
3268
551
2110
230
1449
2262
1006
2398
87
2895
251
1911
3773
1215
1992
3625
2333
2190
1989
2596
75
654
1184
1856
2785
2595
2931
388
3450
3039
428
323
2687
605
1559
1387
3093
3387
1362
433
2231
3742
3516
1536
1348
3662
622
1138
1271
2183
2435
1991
1097
1487
3581
3374
833
3666
1272
3011
3902
3519
2775
3261
2579
887
2273
2084
878
2300
3436
1311
332
2973
2567
947
237
2399
1779
3027
1727
921
766
137
1304
3264
1009
1822
477
2575
450
2503
2500
2211
3060
3137
330
503
233
1170
2849
3636
383
1818
510
3800
1603
2604
205
2774
1141
1452
1572
2016
3101
1592
1508
2325
2933
701
3249
1160
3820
1800
2653
2248
2338
1364
619
2374
548
640
530
2437
1375
795
3533
919
2229
2391
3723
806
2991
3485
738
250
290
1522
2863
478
3815
2487
3354
3239
3064
2444
608
1025
630
1422
1455
2118
3520
3664
1531
670
2006
2823
2789
1846
3079
1376
1390
1346
1912
2551
493
395
629
1896
2324
616
2515
129
2856
764
3100
3150
2537
2451
733
2518
2573
1848
1806
3816
928
2460
2369
420
1000
76
1955
2547
1587
494
2091
936
1146
2241
1724
2116
1273
1515
1810
484
2011
1081
3507
2726
689
1600
1201
1564
2134
1125
1707
1525
3540
199
2883
2203
3112
3307
2387
973
3595
1602
3314
78
1634
3403
3691
506
3767
1550
3453
3852
1115
580
1825
3159
2583
2439
3842
1448
3375
1674
1192
1516
2490
1949
803
3619
2159
2921
30
2666
3812
3193
2392
1142
2871
3894
2753
2944
2414
3149
633
3893
2012
665
2175
1553
2869
2283
3465
2413
3018
1807
2313
2426
1051
2482
2470
150
1661
3670
2739
1685
991
1817
1101
2074
2805
452
1058
3548
983
1100
3710
1053
1755
2320
982
58
482
271
427
565
2461
1787
590
1723
1075
2147
2070
15
1631
1948
515
1829
228
2459
2055
206
3238
1165
424
2030
3366
2995
2187
899
2135
2610
3741
1178
2475
2480
1599
2329
3347
2893
3209
1368
796
594
1230
3808
749
736
679
3709
2544
809
2243
3667
384
1224
412
109
1218
3188
1108
1758
869
267
3612
2493
18
418
3772
750
3891
2292
2028
1206
2236
1496
2777
300
2729
2507
1193
3913
3414
2776
1194
3720
2693
1688
3078
1409
2509
1083
2058
571
1782
3341
975
3400
3157
2151
2767
3863
1842
2530
2095
3329
2301
675
1153
1928
534
2029
3034
742
1065
1341
2734
2347
3098
1527
2756
3293
562
2659
1161
513
2813
1988
3389
719
2508
3495
49
3173
359
1613
458
2907
1486
959
2247
868
561
1507
1220
3503
317
3578
845
2266
2037
2797
3265
1737
2495
2576
160
2334
1380
3835
2296
305
485
877
1217
2160
2412
1598
92
2637
2582
3121
3356
886
2529
1519
3046
866
867
238
3244
1267
3594
3468
3714
1221
1106
2880
2411
847
1134
393
954
1694
1036
1255
2562
2440
988
3004
934
3538
3091
3066
3914
2606
1885
3728
2024
2781
2291
3482
3768
2831
2674
3905
16
747
178
3361
2112
2675
2351
2196
1080
1173
2162
2250
3580
2669
3346
415
1940
164
193
2981
709
310
3441
874
1236
879
2676
3890
873
2586
3797
900
3115
2516
3196
1148
2713
2405
303
3657
3750
2105
1077
1222
2165
326
2117
1699
2275
3316
696
1057
1282
3669
1022
3194
2339
2023
2246
575
1040
2868
2396
3862
209
3247
46
652
697
816
3462
863
3070
3076
240
1426
2648
297
1285
1427
3810
3724
3539
751
1816
3111
2446
1765
3223
3497
3635
2378
2633
198
924
2093
1263
406
3052
3371
2794
2007
825
2244
3237
2443
2766
888
57
269
128
1021
181
1464
955
1830
3340
1557
1605
258
3331
2580
1951
3429
3088
1225
2948
3542
2270
175
405
3243
2955
722
2649
1795
2926
1441
2257
3120
1624
29
2002
468
460
1082
377
3320
2235
1884
2534
1425
2202
1109
3864
3504
3226
690
1012
217
2340
107
167
2485
2359
1314
505
1673
3618
793
1428
2015
1129
1186
2638
1383
1474
2946
272
932
1105
3339
1367
1666
525
1595
3807
3127
1889
2179
3641
2602
3167
1853
663
3035
3536
2574
138
343
1993
2801
3733
691
3266
2198
2077
1534
938
3058
1625
268
2464
1302
3604
1144
1154
2581
3735
3047
301
1227
1325
1577
100
2104
2474
314
2992
3187
2589
3597
2833
1498
1590
3146
3228
2354
37
2969
2624
2080
1102
1258
2612
1962
2408
2887
3008
3335
1820
632
981
1482
1034
2901
2664
3393
24
2120
472
1648
842
2240
1687
2299
2884
1136
3119
791
2447
2912
1386
2560
1799
3206
1150
2922
2021
1833
341
2212
2841
3883
3318
142
2882
3337
2829
2945
3814
1996
1581
1814
1646
2255
476
3591
1961
2402
620
1191
3469
3888
589
2972
3032
253
976
1462
1268
3040
2521
3545
2449
1555
2170
3225
3906
854
2222
1072
2799
3342
968
3252
3821
2599
2742
971
3097
1392
1518
102
2651
2341
3038
3707
1481
2357
1505
3537
1819
1636
1669
2343
3486
1843
2264
2186
280
1580
1343
347
2430
848
2872
2896
712
434
1963
1918
1211
986
3045
2857
2071
371
1447
1111
3134
3774
3582
2026
1190
2937
694
2321
788
335
3787
125
2067
3513
2305
3198
602
2094
2319
3259
664
2372
1444
2139
215
3
2590
2927
361
2688
2814
2088
2911
2816
2161
248
3090
2960
860
3315
2616
3170
607
2181
1068
2330
3838
2660
3384
643
710
3577
3904
990
3535
3752
1865
3515
84
3796
2010
1128
784
1281
896
2936
3832
2199
2807
819
3769
2721
2532
2853
1085
97
3659
1877
3650
1785
1359
3394
828
3010
3793
1815
1547
1117
1501
2788
1509
533
3648
933
3778
3757
344
3419
741
3406
2959
3621
686
2000
391
225
1420
586
3544
1112
1067
1309
3345
604
134
2141
481
1042
1404
1172
2890
2968
1657
2132
3055
3574
850
2419
2467
3434
1313
3411
1246
3853
3915
2388
2102
1706
2949
1672
2486
3898
3487
939
1114
80
2904
3779
2038
2171
3152
3639
3508
3706
1181
2842
2370
2418
1652
3044
465
117
3762
122
1394
2802
1999
700
1775
1391
500
1784
1371
414
419
2156
354
1526
2060
3759
567
1658
1254
815
3009
1871
2628
3840
3432
969
2879
2360
3834
1347
3344
1133
524
3073
752
3681
2197
3236
518
865
1633
2723
3616
67
2353
93
298
2017
1735
1495
1995
1909
210
2928
532
1377
2905
3783
3872
1770
1374
3900
755
1612
103
441
2707
3069
3425
119
1156
2568
1063
1921
1591
660
2685
1104
1026
3805
2996
1415
2762
372
950
1586
774
3642
1237
2962
2520
1322
227
1793
2310
2050
748
2076
578
2566
3564
1213
294
2897
1870
3391
86
2839
2453
1366
1867
1751
2191
3550
3292
3716
564
216
2228
1088
1660
2315
2087
1293
338
2226
2824
623
3305
146
1434
2938
356
526
2817
1986
1251
3151
1798
1671
3380
678
557
998
2083
3299
2569
1402
1381
1872
2942
1946
923
461
3671
1331
2245
792
113
1578
61
1910
1240
3301
168
967
1941
1721
2057
2295
2280
417
3764
1092
2787
1320
2970
3531
536
2966
656
2311
3792
3788
2155
2548
1582
512
2619
1126
3585
735
1410
882
3063
2514
2898
36
3730
980
3168
208
1378
1483
363
47
521
740
1046
743
3480
3278
2550
3809
147
3620
1537
163
319
1881
2121
907
3505
2923
5
1622
2113
357
3718
2642
3568
2494
220
3200
1338
3440
2379
369
446
3319
592
2355
786
459
3876
801
324
1714
797
3048
1379
0
3549
442
1200
45
1408
3245
3658
1742
498
2668
2145
3186
2555
3476
3096
3172
1513
2393
1700
2800
3806
1514
1847
3136
906
3747
2421
2593
3175
2874
1048
3672
1445
871
1232
3640
1307
1393
1925
3022
3817
552
2425
3687
2136
2908
2535
1421
2990
599
2214
3006
2699
2584
614
3654
2613
1839
3281
2811
3782
3296
858
2865
2645
1712
2290
1611
2468
3725
1645
3003
1245
1773
598
550
2069
909
1094
3686
25
1635
1741
1683
942
1439
597
440
1831
2947
1261
3566
2542
559
2356
1879
851
1604
2716
1841
3879
438
435
1475
3825
3015
382
2498
474
2089
501
3126
2363
1491
1978
507
2913
3000
3397
3587
1143
582
1123
2524
3071
1541
1370
447
1890
2119
2906
2886
3525
1004
62
651
658
177
1892
2643
1435
2072
3327
2690
3360
711
1762
698
2827
546
1417
3077
3285
2298
746
1031
3214
1437
3839
554
3352
34
1938
1059
2218
1454
182
2103
259
3123
407
889
3527
1895
3448
2952
3007
870
389
1886
2473
1369
2929
2607
3823
2862
2336
3607
77
3572
3241
3632
2344
4
852
3660
1689
165
3676
2854
585
1832
1983
2178
2752
312
3001
1149
3405
3379
1503
144
885
3317
1876
1316
2846
799
3875
132
897
3474
1974
2812
2698
3267
1722
2239
2608
2427
497
3856
1011
1943
3530
22
2732
3297
2373
171
2657
760
1667
321
3467
2465
2748
2885
805
3592
2903
1480
1405
270
683
3861
3850
2466
682
573
2441
821
306
1044
1888
51
3369
693
2571
1289
2124
2049
2964
2621
2371
3897
1738
846
1182
3649
2851
2039
3738
154
2982
2843
1074
3139
1198
2415
3556
1597
392
1937
853
2987
1317
431
1090
1395
375
891
1767
3736
3499
3488
579
2423
3824
1007
279
1696
265
831
235
790
2889
2591
2073
3845
1797
218
929
3365
1695
2108
2047
1747
2376
3308
2983
1756
2974
456
2471
2207
601
2678
413
3323
1209
44
1623
544
1621
155
3014
952
110
3160
325
1584
2749
2106
1607
2940
3627
2557
3557
611
1344
857
739
1702
378
669
402
1424
2318
782
1110
1947
3025
3231
1554
2984
1472
3311
1297
318
145
2232
576
2917
1330
3031
1931
2578
2403
135
2860
2137
1908
1433
2031
3084
834
838
3144
3057
3427
221
247
785
3162
992
1922
1533
2758
1710
342
1629
327
1852
183
23
1733
457
1709
2565
3882
2096
2488
1093
3424
2717
184
2019
3203
649
555
832
800
1682
1351
672
1488
3294
624
3605
2383
2704
340
1903
2253
3165
1530
278
1071
539
823
2900
985
3478
1137
3743
3269
387
81
7
1589
410
1899
2819
1638
1116
3216
3109
1808
1552
462
3306
3551
3732
1372
2040
3074
1893
1212
17
1565
1905
3166
787
3417
1342
1385
841
1162
69
1678
944
200
2304
2552
19
444
2422
50
2881
1920
3717
1467
2830
1423
1140
2406
1985
2221
3355
1935
769
728
8
140
1167
3745
2941
684
1835
1013
6
1691
2220
1287
3445
502
2230
516
1774
3461
42
1204
3776
3368
1964
3909
1510
3729
2217
263
91
3596
1277
3260
1965
780
3614
396
172
1403
603
174
148
1601
2502
1099
1203
1506
3546
3874
201
186
1274
2527
3270
1858
187
1828
613
3286
644
677
1752
1545
2263
3547
1619
3700
3766
3362
1469
1984
2677
453
1177
112
3638
291
961
956
2185
811
2825
974
2662
2455
1326
2632
753
1419
1401
2543
2631
1834
2625
577
1609
2274
3719
3447
1066
3124
204
2278
2672
257
2627
2720
2176
2820
2769
1465
3786
3242
1157
2195
1382
3758
3163
2097
2980
1269
2034
1306
2114
2780
2025
3680
2617
3833
757
3251
2238
2570
3770
2686
2757
2206
1783
3258
2127
114
1502
3263
1260
3617
3248
3042
2395
3083
2065
3677
1684
1539
1276
2362
802
1803
430
511
1
3471
3284
631
3128
2670
1549
984
1176
367
2803
3287
3430
302
3784
131
1863
197
2442
3529
3442
1228
188
1174
2517
563
948
3438
1250
2348
3749
2786
2639
20
1753
3571
3326
1283
777
987
2385
212
2601
244
1266
3484
716
2477
2611
1823
2821
3690
3229
1731
3628
1868
1610
855
3437
2079
1303
2954
3110
1971
252
875
1242
2708
2513
3613
3746
617
3552
2892
2724
3116
610
3202
3711
3104
1014
432
3698
3062
285
3358
1998
379
3416
3148
3822
3276
3420
2759
1637
1563
3851
1653
3300
1655
