3622
1520
1562
1079
1017
422
3863
1295
3412
3415
676
3664
434
457
2048
563
3679
1086
310
3058
1563
3900
1378
1011
2509
3160
1008
85
1181
2961
2231
3161
1627
643
2260
1036
987
3239
1042
2695
104
1220
2723
3071
3346
1983
2819
2303
2453
3109
3041
609
3490
3721
2898
1208
968
1152
3345
435
2476
529
2302
1532
1416
981
3135
1057
965
1180
208
2586
496
3532
2956
3450
369
1078
2489
930
1203
2304
800
3836
1061
3150
2923
1372
1995
1431
763
1847
309
947
1664
3184
24
3877
162
3312
3880
2678
2397
1455
3670
488
296
1717
2522
2145
1049
3598
3897
774
2090
1987
1478
2063
3846
173
1829
2002
1713
1980
1902
293
542
6
3473
1574
1170
1737
2434
3256
3352
2790
2551
3707
3064
2760
2650
696
3393
3565
2262
1970
2387
1913
564
2562
68
1106
1344
2366
2394
2380
913
3366
3275
1793
1663
3386
385
1790
2800
3303
1494
1825
2792
2289
861
86
3380
1597
2510
2008
1123
2437
67
3571
1792
3392
266
94
2075
3324
301
1290
3011
544
1573
3812
2225
2974
2625
2251
1313
856
101
2517
336
523
3449
2021
2737
2555
2305
346
3909
198
3391
1023
3232
2693
3373
3433
2578
648
2234
2987
2133
1212
1703
974
135
1746
936
2
1551
3107
3413
1226
1401
1674
2401
1189
1780
2291
1789
2316
2672
1832
440
3183
1272
2315
2352
931
3438
3864
2847
868
1476
3515
1158
636
3654
1217
1194
829
3040
1840
1015
3142
3807
1739
3847
1859
2917
2071
642
2967
1910
269
592
3685
3273
1968
3465
2398
1091
3809
525
2228
1205
2524
583
3825
2369
2067
332
2770
983
3716
2219
393
1671
1107
1924
3811
2515
3287
2826
3870
1335
2504
3075
2634
169
3421
2539
1933
2220
2486
2813
2386
1940
120
2569
3833
533
3689
1526
381
1124
438
863
1265
209
915
2571
1273
1518
3098
683
769
1730
1139
1670
2254
3432
81
1083
574
230
2879
1459
3590
2585
746
25
528
2701
315
547
2869
3196
739
305
1245
3652
508
1766
3304
2171
2167
2272
3806
475
2801
1183
2472
1128
617
3510
377
1422
1197
2081
1064
3095
3531
904
2019
651
3829
3519
602
3260
633
2383
3062
1028
2092
1874
8
1000
136
1911
1165
3452
1046
494
3134
3169
408
2286
3229
47
2264
307
3431
1740
695
503
641
3181
1396
511
2694
3033
2365
867
3817
1059
3451
2012
2151
662
291
3251
2439
922
1259
2292
1270
759
3297
3026
1511
1380
42
1263
39
546
3448
3081
1600
2328
1895
3129
2948
1758
401
2109
1654
889
461
3440
1122
3660
3085
792
2998
614
2372
2679
1625
3008
504
1752
2669
1402
1135
593
3570
3596
1096
932
227
929
566
3483
742
1315
594
1433
1891
290
3049
2922
1077
18
578
2559
3042
3746
1456
3589
632
3369
831
3017
1945
2906
550
421
2329
3266
247
3759
3330
2548
368
360
758
115
2179
3188
1805
184
2537
3214
1016
1886
1477
1474
248
3647
3228
2833
2840
166
1952
1279
3636
1465
3159
1089
3320
2766
2306
786
1542
123
1850
1735
444
3023
2785
860
597
1176
1546
3704
1787
3140
2692
1943
872
472
3385
605
335
2455
2126
2685
1038
1754
3628
274
3630
1715
1667
1359
955
2744
3564
2247
1962
2140
436
394
1088
1255
3416
1877
1033
3356
735
2946
2406
3544
3088
2226
797
2609
1537
2198
399
2521
318
1723
2294
1839
3851
55
99
163
2684
589
2895
294
3751
2141
1552
1253
552
337
2301
1738
1946
2297
939
3638
2034
56
2936
3080
2733
2884
2093
1269
1222
106
2924
2502
1312
1508
883
437
2556
2830
2837
2568
1683
1241
2525
2937
326
1215
2327
718
2322
3005
957
2986
862
3631
3456
2511
827
2138
897
3294
1834
702
1576
2078
3112
2339
2811
1694
2820
572
345
2340
1060
2513
2856
3602
3348
3307
906
1301
2750
1975
1734
334
311
1429
2193
3540
812
2702
2097
1617
3520
491
2003
1149
2496
1942
2408
1692
439
1623
2642
3364
3523
364
3144
2243
3687
1030
663
3018
1405
3504
2188
3625
834
441
3037
2720
738
1399
2102
3494
1954
3637
1587
2077
3466
618
3290
2122
1690
3577
2057
3733
175
2534
2375
2748
1264
2675
2358
218
757
2029
3749
3328
3187
1237
1971
3263
1724
3398
2323
3696
644
1355
1018
2466
2629
1391
736
615
2696
3844
1967
2213
410
2395
2046
612
2852
2343
1598
498
2631
282
3371
1887
2192
3066
1582
3185
3231
2089
3158
1961
3501
2239
1691
2050
1006
69
3257
2512
3615
2647
2658
3895
3581
1856
2991
1185
2350
327
2616
3044
2592
3786
3254
2371
2170
3336
1199
3003
876
2994
204
620
2909
1732
1765
2359
891
1906
1745
3154
2190
2851
3849
3276
2808
2918
2576
155
1657
3006
2989
3333
1448
2544
3361
1504
2880
3803
1184
1276
2933
646
694
141
2174
2554
558
2834
1218
3210
2001
3051
1681
3828
1953
1250
720
1234
1144
2139
3726
3805
3207
3481
1364
2446
1760
1894
998
174
1697
3131
3357
1818
2788
1629
3884
3157
3045
1462
920
3485
1773
1736
2325
3133
869
1514
1764
1698
517
2458
490
3009
721
1984
745
2136
458
973
3186
722
2200
3259
1319
1750
3813
1994
2742
787
320
902
608
534
3781
2531
1249
231
3731
2023
2127
319
3614
1822
3164
2249
2992
3516
3138
2741
1973
3079
3070
2530
165
3341
661
3578
561
1195
3225
2889
232
2400
2481
80
543
28
448
3653
512
83
298
2417
535
1609
569
1037
3477
1991
2341
2210
3405
2042
3804
776
130
802
3425
1523
2152
289
938
1621
622
3379
2711
125
2623
1673
2393
2299
3819
2055
2024
751
3738
3078
139
655
286
741
1786
2708
1043
709
1807
66
1607
1534
2051
1938
811
2607
782
1956
731
189
1972
71
1369
3176
2189
1063
877
1727
1684
510
3286
2703
3816
3799
3890
3090
2905
2782
817
1571
3621
1710
847
3397
3594
1173
400
1720
2246
2370
3848
3487
538
352
1622
1048
2934
114
2793
2822
3552
3537
2593
3317
571
1718
1619
0
2582
2549
1065
473
1427
1866
2085
1336
1175
3507
456
1230
3620
1097
3038
1638
354
1302
3036
941
2809
3146
3561
942
1417
1466
3170
3740
256
3447
3732
3690
2756
819
3612
2765
2165
1867
78
3389
749
3559
3114
429
2087
1341
1221
2665
3168
2947
2825
2283
2532
3860
2435
2778
2854
3643
2217
3362
2664
1045
3104
2630
1419
3862
3644
1712
2832
1515
3710
1464
2216
1393
1326
789
3322
2317
1151
297
3889
1403
685
1162
914
2730
870
2233
659
791
3583
339
43
728
2904
613
1512
3261
773
1649
3764
2762
3548
3905
3728
2944
2390
3329
2603
3750
3550
1385
2973
2983
250
2799
424
2084
3656
752
1928
2776
3378
1506
3278
3363
2806
833
1127
3755
229
3791
1164
2309
1908
2990
2074
1767
2999
570
3354
1343
1337
3235
2712
2461
1753
3843
2377
2381
1425
2643
2907
953
1529
3718
2110
201
1709
1836
2886
2689
145
1905
668
1944
1524
978
340
1277
3774
2662
2263
665
483
3469
2230
3247
1861
1404
2774
701
3360
2624
3302
2361
1114
246
3525
928
178
580
1024
2611
698
1810
1639
2159
3560
530
3250
638
2374
1594
3703
637
2523
2245
1324
3777
3370
943
2584
3096
1561
675
537
1666
1308
3667
924
2928
194
1604
87
2204
679
2420
3723
2929
1782
57
1471
3527
1509
945
2988
3613
304
3039
2633
3323
116
3233
3906
3792
222
3691
2872
1620
2100
63
573
2142
1193
3543
1499
366
151
149
1579
443
3634
1525
595
1920
799
3601
2579
2617
2657
3205
944
2963
3579
1725
2229
3029
3101
3591
2745
2310
2734
203
3439
1190
3216
270
688
1115
743
2688
3321
2639
495
1140
3418
1935
885
1288
2710
916
2363
3292
2787
2508
2882
1379
3496
2211
1768
2739
768
196
2364
3052
3760
909
1880
1557
2600
3072
3514
90
2324
2716
331
3342
38
2083
2957
967
1998
2649
1682
813
1771
3865
3446
2425
2940
951
816
1435
341
1885
23
2335
96
3585
1914
3248
1188
3179
1922
3007
2429
1082
1157
3810
1601
2595
3475
2208
3435
2005
3694
2781
600
105
3301
2227
3281
267
783
3572
3697
161
686
3593
2207
1702
623
934
2431
949
1644
1014
378
84
585
1611
2373
1844
1160
2318
2495
49
2773
3012
44
1919
156
1838
3562
3657
3837
100
689
1796
970
2849
673
2862
3067
540
2330
1699
3659
1965
1300
518
1831
2128
1869
960
3785
3083
1541
1376
2993
3683
1004
1053
3505
3695
3124
556
526
2596
3818
1153
233
2281
3027
671
1997
1443
1610
207
3793
1986
1901
1679
1415
363
2501
1386
3410
2011
1410
3737
3662
3136
3249
2995
772
2580
3486
3222
1668
2805
1482
3489
1923
2755
619
2212
3608
1749
2448
3663
1660
836
140
3377
3291
2714
2045
828
2754
3712
1289
3603
2415
2952
2885
3802
1449
2123
1044
3727
940
3506
3618
261
1779
1640
3658
113
3522
2654
164
396
3761
409
2962
1349
499
1325
2004
650
1121
1460
1820
3672
2258
1999
3569
3557
1068
3834
262
3034
1010
2113
3778
476
379
2728
449
2353
1390
3680
3705
1883
423
2456
2462
128
2516
110
2056
818
2161
2597
3344
2385
3482
2026
1356
810
182
2157
3767
132
1608
923
568
820
1814
3869
3592
2927
316
2259
1408
1254
1137
747
1323
2599
1875
2440
853
2687
3060
2288
465
2422
588
3912
281
961
2096
58
1348
287
715
1533
426
1549
2848
119
1540
1547
845
846
1762
1216
670
2831
3327
1996
1166
2177
1411
2164
74
2049
73
2376
879
167
1169
1113
1845
3178
524
1634
3335
2410
185
590
2709
2908
3856
795
1430
1564
351
1642
2671
3016
703
2691
1211
1351
1643
2938
2098
2336
3382
342
2853
2942
3306
3480
3665
3441
3442
191
2715
1434
780
1094
2875
2863
1505
3744
710
3886
2044
1387
2844
835
59
430
775
484
640
1769
3783
2214
2976
3545
1761
3776
2484
2270
3794
2432
445
2677
2977
2812
2443
1841
138
2814
1813
865
3459
1485
1248
2130
2426
195
1707
213
268
2899
2960
283
1293
2061
3815
302
240
2627
2058
407
221
210
2768
1941
3283
3143
972
1641
1029
3850
2470
3692
3752
2912
629
2969
1815
3629
3032
2640
1633
2033
3677
2452
3681
1974
1554
3173
2016
2996
2753
3105
958
682
3384
2468
26
1021
1232
1539
146
2984
2614
3684
190
1306
826
1200
3295
704
681
3555
359
3310
2620
3709
1516
46
322
3651
432
314
3688
1483
3387
2368
690
3224
2402
397
3879
952
3399
3771
584
761
767
154
2416
1424
2388
1177
2117
1857
3128
3824
1132
3902
13
808
2333
1414
514
1669
1242
977
1002
1318
48
501
2287
1069
3509
3671
1849
3319
117
1054
805
596
1363
183
2752
1899
1872
245
3575
1648
3172
452
3915
2797
2550
3876
2337
3091
2255
2041
2786
714
1570
1977
1310
1155
3779
2915
2290
2939
2321
2865
2469
3534
3097
1463
277
2655
3502
3190
1921
2505
3396
1811
202
1204
1362
2396
1742
3241
1130
124
3021
2794
2311
485
3686
1032
2244
2399
3110
2451
3724
252
555
3633
1066
1907
1125
3769
1784
464
1473
777
2118
1490
205
1916
3617
3766
1233
515
740
724
516
384
1412
446
3795
509
3332
1294
3838
3512
2379
2589
1111
1498
1357
2667
35
3845
3542
2761
2975
3533
276
3903
2438
1280
2700
387
1104
2080
639
712
2903
1743
657
32
2169
3358
1075
2883
1835
1522
2421
2068
406
3808
76
1937
2900
3350
1502
1586
807
3119
841
2527
1484
2653
2553
371
1047
2121
392
3050
1258
2473
1186
3600
771
3243
370
9
1915
51
2803
3414
2114
982
1653
313
402
3831
215
1278
1087
2890
2018
1150
1159
1951
2901
1330
284
1143
1240
3221
2403
3470
1855
1558
3314
3782
2804
2176
15
3113
272
2474
3554
1819
3031
3082
330
88
3111
565
2457
2577
2362
2419
1041
1837
1798
1432
1009
656
415
1852
2038
391
674
948
1491
1898
1266
3835
308
3226
3463
3308
1531
1812
1879
2175
2326
3193
2619
1612
3068
3180
1440
744
271
1577
2735
1154
2384
2172
2591
2277
1889
3139
672
732
1927
706
1481
1688
2758
3130
2488
2777
45
1672
1488
492
532
3359
1833
1903
1578
2344
3219
3790
881
1896
1553
912
3326
226
3882
2893
3053
864
1626
3730
1112
1989
1930
1283
1892
3914
1517
1468
237
1103
4
288
1035
2073
1027
1876
1257
2615
1821
1320
1366
3372
1565
3822
1457
3513
17
3650
1806
3189
2009
2137
3293
3279
1334
1377
2357
1897
3174
3230
1322
1428
3132
344
2072
1116
1133
223
257
2590
1828
3611
2257
645
680
3556
551
2162
2764
1012
601
2261
2648
1650
2771
2626
1990
1853
3713
2902
917
1136
2280
1751
1589
234
3508
2892
996
1744
3568
2035
1675
1050
976
3087
3484
79
598
3541
2039
3758
2881
1976
793
2106
2574
224
586
362
2526
3209
3258
801
1260
365
1307
692
837
1436
60
2467
2351
536
3242
895
520
3682
3675
2910
1400
3711
2807
353
459
582
3277
1067
3404
1572
3108
2958
312
3606
3743
3285
2817
1706
502
357
2980
142
764
3408
2707
2857
1052
1513
1108
1521
984
3299
16
217
2932
2464
2116
254
1538
3655
3885
1868
2274
3852
2541
1548
3375
2829
2953
3120
3035
1147
2447
3004
611
2150
3092
447
3206
621
626
1118
2540
2222
2487
1353
3202
3316
2878
1843
882
2828
1287
3595
225
1179
1292
1129
3125
236
3374
858
1932
1110
157
3215
3678
3201
390
1007
1747
606
1616
969
814
3814
1979
852
1992
433
3717
1469
3722
2736
2293
1555
910
815
220
667
1591
2979
693
2784
118
3338
3605
830
3126
1134
1665
3318
3002
3883
3046
1655
3069
3857
541
3175
2542
3444
1421
2535
1846
2423
1778
1347
1119
3
3086
3887
3821
150
905
416
2236
1963
1567
1003
200
3331
2250
3001
1262
2867
2612
809
1613
3155
3343
1437
1354
1678
2059
3340
713
2698
258
1223
41
748
1926
603
1756
1202
859
3420
927
2888
1519
355
3195
1333
2941
299
3121
935
3894
3411
477
3436
177
3854
1373
2824
3586
2795
2564
1865
1092
280
3491
3891
343
3443
1708
1244
723
3145
2273
481
2186
239
1080
3735
2725
2935
545
2930
3518
350
1346
2424
2965
2191
358
1759
1729
2082
1677
3901
3240
794
1757
873
2821
1584
1560
2079
3549
871
1022
2575
3054
1985
1329
3339
497
2601
1969
3461
3162
890
3141
1267
729
3576
678
2520
2891
1680
451
2838
3800
1704
129
3820
2747
1332
1646
3772
2037
242
2319
3059
1950
756
1925
2378
29
40
3546
2052
2622
3619
3719
989
3280
2651
3349
1599
3147
219
3458
3270
666
193
2876
264
489
2267
1441
1797
2094
3467
3262
2235
1413
275
1475
3701
1929
1864
1407
412
1636
386
3881
121
3472
3535
321
1470
2295
531
770
3725
2020
197
1748
1093
3861
2252
788
126
577
418
2981
1365
3768
2032
2485
1238
2507
3499
3530
2412
2552
1099
2014
985
2454
2285
2588
211
2111
487
3427
850
1141
1039
691
2143
2449
3770
2463
937
1624
1661
2949
214
3288
77
1982
1596
1981
2203
2690
3517
1536
3580
1581
1854
1528
3488
1772
170
3762
19
3899
3269
1726
3874
1020
1461
3102
1637
727
2091
2101
1243
3742
2194
1631
1314
3061
2248
1409
3873
2943
1480
707
3773
1201
1
604
3693
576
3765
2183
3462
3573
1338
893
2266
3429
986
2064
3353
3747
3674
2931
12
1210
2545
2494
1568
2201
3547
896
1695
3858
3754
3237
3798
3197
2802
3673
2767
89
2959
324
3089
966
1309
1146
506
2676
2076
3623
2724
684
37
3739
3495
1486
567
2221
2430
1909
1888
1392
2950
2479
2086
2659
2465
1741
2492
450
2240
3708
3460
2641
152
1161
2238
1966
453
3020
2491
3492
1303
467
1451
717
3641
1102
3417
493
1219
2536
133
2842
3430
172
3875
634
2232
3166
2497
2407
2566
2666
3390
3904
1860
3234
2300
2483
3566
3000
279
1382
1585
3022
778
1034
2613
3826
3123
2202
3024
3368
2925
995
2835
2166
796
1398
2013
2409
2839
1444
1719
243
186
2411
3284
1368
2178
3030
325
2298
102
2916
1406
3551
660
2478
388
3866
2985
1912
708
1225
2682
513
2558
669
1247
3741
1803
779
2919
179
3028
2783
500
3910
2205
1794
988
918
2405
2757
3853
1206
3010
2427
3177
2279
235
3649
1530
3521
2864
1345
455
1282
2810
1575
894
2490
3151
627
1213
11
1239
2129
1804
317
3152
295
1628
2583
3646
1447
677
372
562
1105
143
3453
3607
2414
2070
1062
2635
840
3309
575
3757
1453
3422
3305
3367
1701
3106
2598
3252
2060
2605
3455
664
2237
2652
2389
2413
2920
2135
3213
3434
3841
1934
1019
1296
2557
259
3474
2982
2860
3381
3065
2780
3702
328
212
519
1026
3334
2125
2705
2149
2713
1939
3403
2391
62
2727
3699
480
803
766
1228
3624
1801
2674
3574
1168
908
880
3616
454
1224
1605
2065
2966
1298
959
1583
2660
398
1275
2717
3789
2088
1126
3871
3271
1870
507
2442
1817
2789
3587
2181
700
3423
3503
3788
1492
1299
2870
463
427
2187
2573
2680
875
2332
1142
1556
1317
159
411
3191
1964
1479
730
3153
1251
3700
1603
1274
2628
61
1489
2954
3493
52
1776
765
2533
3211
3245
1543
72
3289
2621
1445
933
338
3867
2308
2914
3913
3347
1651
3468
2477
1367
1117
1191
2670
122
1291
3878
3827
7
1645
2036
3626
2163
1614
1271
3464
27
2268
2444
1716
1025
854
1824
994
725
425
3315
375
5
380
790
486
1098
1071
278
2594
1823
505
2160
733
2025
886
2099
112
134
137
1493
3916
1863
21
65
697
2921
2646
3100
557
2108
2719
469
1497
3648
1535
1700
3734
373
3839
3888
3194
3498
382
3893
3264
414
3163
3401
1172
2570
1458
1763
1783
1182
2587
2156
1156
2031
3013
2027
1848
2282
716
348
3165
34
3268
2433
2173
2518
2796
1590
216
2726
260
2459
3019
383
3524
111
3227
784
1988
238
2997
3127
3395
2738
737
2338
956
2450
376
462
1652
2054
3267
1647
3661
2827
3351
1031
3093
3313
3406
187
1138
903
107
851
2751
3388
2775
1284
206
1252
3775
2547
1656
3736
919
1696
1001
2506
2069
2528
2874
2367
3907
3048
3265
2441
3479
329
470
2196
3376
2823
3400
527
2763
2955
2877
839
2686
3454
2668
2971
3156
1775
3437
1261
926
2546
2911
2132
1606
2706
466
3198
1256
1947
2428
1900
2120
2241
103
1246
1714
2866
2503
2845
979
3426
3296
1426
2500
3238
323
1423
2347
806
1881
1487
54
1438
2155
64
1074
2718
1070
1615
356
292
1550
1755
3337
2779
3753
2312
2945
1297
300
2818
2560
2144
992
2978
2538
2732
734
2269
176
1058
2112
1705
2105
587
1187
726
3558
3567
3780
3192
3355
2855
2006
1808
2729
1602
3668
2158
1544
975
2850
3025
874
2460
1085
3908
3563
711
878
1472
781
405
1931
3478
2498
2224
2897
2278
1418
753
2871
1174
3528
2743
1799
2499
999
2253
3584
3676
1395
168
2131
2030
699
1056
3859
2047
1959
3272
3669
1687
2471
2314
3074
997
1495
2514
1800
1809
1949
1005
1420
180
3763
144
2168
20
1501
2445
616
2681
1595
3832
2951
2066
50
971
1081
3223
1722
1795
3204
599
825
2275
1145
2638
255
687
946
108
333
1374
92
1148
1076
1893
2320
1830
887
962
3582
199
3471
925
2256
2926
2124
1566
2749
2791
1055
3911
3137
98
1593
395
127
1311
2731
2970
2103
654
1450
1340
2000
1084
1207
2104
1198
635
1381
3246
1467
2529
478
521
1955
2798
228
3282
2017
980
3729
2182
823
3536
1777
1851
1689
3840
3855
3402
3457
1711
2276
3056
3084
2769
630
3203
591
2360
824
907
2010
3476
2242
1286
1785
3094
2482
559
1658
1917
347
1559
413
2354
2846
991
404
1958
1388
2673
3047
628
649
1101
1439
95
2334
3220
147
1731
2815
2968
97
1496
2772
560
1686
