675
1203
1174
1067
618
380
1078
516
2978
2071
1680
2715
852
2909
1393
999
227
1554
3137
1148
1018
3103
2552
3916
2220
241
35
3481
2944
430
134
3725
580
656
3345
1744
1852
1929
2639
2495
2884
2874
2533
1792
70
2656
1102
706
3328
528
350
2765
3204
661
229
14
2097
729
3815
2663
904
2316
1916
2613
3863
843
429
931
814
2607
3476
943
1967
2194
482
312
2934
3290
1547
1759
506
3435
837
1317
624
2580
1433
3035
327
1296
2433
524
3274
3813
3403
47
1765
372
3217
2255
2801
2628
1338
3865
565
2176
1322
1648
3660
2481
2275
3221
745
1165
2450
1186
2871
3744
2549
3333
2951
201
2277
2434
195
2373
2936
3464
1405
2509
3583
1768
2309
3527
3550
1362
969
3582
294
3696
2516
1863
3630
832
53
2078
162
830
1742
829
81
3291
1901
2393
1046
2451
721
1083
749
1211
3588
3844
2141
1987
568
1236
2284
3619
2943
3044
1222
329
3811
1379
713
29
1544
2331
1722
2325
577
1044
512
2091
3293
933
507
3402
2692
3031
283
333
3338
2679
2769
673
2501
3570
1810
3158
8
3553
3861
2291
1112
2443
520
3148
2427
1106
2110
3518
1383
2033
2573
2111
2004
2245
338
2866
1119
2279
4
2168
1224
866
3353
1464
1812
2269
2861
2878
3659
2449
938
3108
3017
2084
538
3062
3196
3765
1634
2518
449
1251
846
3514
3729
2508
968
725
2883
3461
3052
532
993
2526
223
3059
2837
2700
41
1565
1610
2246
769
364
1100
585
1841
1617
2479
1838
554
2049
734
1994
3267
161
1891
901
1255
2466
1060
868
2206
3181
1788
1887
690
3460
2633
1773
919
3693
1793
67
770
950
1991
801
2125
1797
1125
540
1855
22
3887
633
457
2729
2620
3251
352
243
2261
3224
3164
2438
1024
1785
3411
343
1209
3332
3756
1709
625
2010
1764
1406
3264
979
3405
1783
149
205
3838
667
3064
543
1791
913
2137
2399
1745
1193
231
1070
1150
2313
142
1064
2986
1923
3037
956
1779
318
3085
3201
2170
2012
3548
3892
1295
1603
2203
130
103
418
3581
3410
3613
1522
3429
3703
1204
1392
1000
1305
2086
2440
2926
3509
3492
1097
918
10
2618
1311
3526
3914
2575
1526
3845
2860
1079
3702
652
1631
3559
598
723
2683
3847
859
1699
1020
2621
3307
3122
276
1818
1602
119
748
3472
1685
208
2712
2802
287
2029
1594
2619
2298
1600
2664
2283
3826
72
1578
2567
1811
1207
2116
905
2292
936
2847
2513
2674
2521
3891
3842
962
3771
1354
1882
645
3871
2833
18
1462
3082
903
1409
637
3794
1192
1835
3420
1242
1843
3283
3728
2387
54
2354
1248
2901
417
2953
1365
1635
3878
1216
883
2061
1458
1369
1739
2322
1548
1333
3182
1090
3070
2156
2862
1344
3519
497
1937
1045
1288
1711
3462
13
1443
1009
2164
1735
548
490
1005
3047
184
845
2193
2025
3091
2969
1820
2965
3263
1073
383
2122
1972
914
3740
3554
244
1778
1497
1166
213
2107
563
1033
732
620
1229
337
2131
3106
1619
686
579
3034
2233
3852
692
1949
2201
2722
1662
3455
1827
2026
3501
2042
121
1408
1158
602
1728
1160
1053
942
2311
1630
2655
513
1429
2888
922
2149
708
3631
1234
2569
2038
1351
1915
32
750
2889
2431
2413
1321
2252
3179
679
2991
1849
2464
581
3094
2867
736
1808
792
1342
463
1889
438
2651
1632
1146
3870
2425
189
3777
2666
1299
3737
2247
3563
108
2525
150
2988
2106
3906
2469
3407
1665
182
2482
1560
2557
715
3244
2534
456
1814
1672
3341
870
1105
1490
710
171
221
3809
1724
2266
1831
644
1930
232
2970
284
1821
2419
584
2598
2006
3855
3001
1176
1416
1658
3540
256
3503
2771
2030
1425
3497
1795
397
2797
669
2414
2918
1583
188
3706
1377
2578
3273
3663
2068
2794
2215
3664
2844
412
3697
1183
1270
3564
1655
3793
3779
3681
3595
3211
1750
391
204
3000
3758
813
2447
2114
2166
1474
3216
1725
3552
445
567
2887
1944
3868
3508
2487
1294
1431
2822
3692
3092
440
1989
3155
3782
2629
157
178
718
1525
1796
3732
2103
2967
3325
1504
1110
2789
2908
2853
1772
940
153
1885
1304
1998
1184
1142
2818
2144
784
926
2364
884
2743
3321
1215
127
2268
1459
542
3859
1813
3542
3875
2040
2285
431
2996
2840
1616
2897
2812
136
2724
946
100
662
3603
174
3024
1714
636
2257
3547
36
981
48
3533
1091
2780
2395
3755
2787
3127
2675
2726
324
3153
640
966
2139
2118
2751
3672
1678
1546
1401
3792
1465
1534
1467
225
3343
2092
1016
2536
1551
2624
1982
3199
2297
2352
2590
3253
3620
2290
2716
2615
300
1664
2761
1530
2725
2530
2273
709
194
3490
3157
2670
101
3130
2770
798
3856
1921
1918
3468
2
3609
2160
1157
2845
3112
3669
1736
2147
2226
1226
1598
891
2017
3030
2848
3532
2098
253
1048
1385
3261
3479
3049
3117
370
1927
3255
2070
3379
3003
1755
2064
2834
1482
2984
3242
2588
888
1463
3536
3097
3594
1638
1010
3827
860
1212
472
2680
269
1859
799
1359
1457
3209
2052
3713
1187
2282
1533
1708
292
3239
3830
3318
2213
3739
495
3194
1319
3730
2701
552
55
2830
885
2483
2562
1419
450
2355
899
3414
1869
2597
2758
3787
1447
3736
309
3416
1353
3899
272
2502
672
1476
3465
3397
2638
420
1832
1837
3043
2846
3018
2218
531
1031
994
1475
680
2512
853
2572
782
1940
2321
2929
1239
3068
1747
1550
1260
3099
1182
408
1332
1907
1052
1217
586
3401
1199
3404
1084
2348
2327
1807
1851
3187
3493
1626
3661
3722
869
2858
3384
3456
437
2304
1926
2912
2543
247
2739
1039
1225
2932
3129
44
1879
2039
203
989
1219
2999
3814
2448
787
427
2886
1704
3021
3232
1197
3883
583
720
1017
2616
1941
1496
1549
3249
1754
1169
3784
3277
1850
3761
1400
2941
1520
3541
259
606
2376
3515
413
3805
2962
824
521
1095
847
3608
326
796
3213
455
838
3522
3832
3396
701
3806
1152
911
1218
1809
2339
1524
3675
64
2219
1104
1008
3143
525
1609
703
2127
2249
3329
3649
650
2913
1172
1488
1389
3911
9
2043
421
619
3366
612
3676
1138
851
873
831
2863
3169
2800
2746
774
2795
246
556
2924
151
38
2565
2317
2363
3574
489
1124
1363
3225
1571
3100
2456
3721
1934
1848
1121
2093
395
2082
474
2231
3584
2265
1866
614
2689
3315
876
1861
2772
1480
84
1801
371
2667
2037
2659
550
1133
3025
2429
3360
3640
3295
2952
3433
653
3096
1505
1337
86
2048
3624
3150
1729
173
791
1541
2340
3144
3591
3650
2180
2855
3218
3788
3340
2626
2492
1386
2073
1155
3057
248
3102
199
392
1903
1360
2491
1633
1180
867
592
264
2235
2754
1314
3506
1440
2338
3529
965
2357
3185
193
2517
125
1471
2635
2461
3798
2385
2974
2808
347
526
196
1325
3409
2785
1584
771
2696
2956
2184
1817
3317
27
419
458
2244
2903
2961
856
3686
2522
1194
1623
3105
2995
3380
1410
2133
1542
1358
2723
1668
3107
277
1682
1781
2582
219
2150
2023
3776
2416
3060
3644
3538
1719
2444
1521
1698
1980
1539
575
2959
446
2050
564
3040
1042
2459
1611
236
972
1082
3430
1258
3510
907
3483
766
1897
1426
3666
3700
1625
106
1143
559
2748
1854
341
2318
1278
1582
764
1268
3207
2865
2654
777
2353
776
479
2859
1427
3104
3718
1220
2375
3707
3898
954
3114
3862
211
3507
3172
2426
3757
3330
2007
1012
1273
2647
345
1147
1613
963
3754
1640
2302
1134
2732
1822
2079
1011
558
1265
2899
3252
1438
3098
1173
2788
2798
115
3266
3495
1065
566
295
3683
2930
1673
2880
328
536
2463
3248
146
2610
3241
74
423
628
2849
2555
3377
2792
3141
1250
2462
2065
3421
2008
1291
3350
2685
1917
139
2401
1336
1599
587
1403
809
1689
1286
2819
3874
635
1128
2486
3027
3458
1036
2314
676
335
1774
3502
3909
2784
1896
594
1214
1092
1713
3171
2200
509
2230
1428
3774
3743
2365
1776
19
2868
1149
906
3819
608
214
945
158
1642
1062
2332
442
700
290
1969
311
2473
2643
582
623
1591
3300
3008
2172
379
1804
898
1892
1367
2192
3121
3309
217
895
2047
2337
630
3406
340
1693
2609
1312
2803
389
11
1760
2183
971
1137
2684
154
1388
1086
1746
2323
3528
2927
877
3531
3604
1019
3149
820
1965
3742
2406
2041
641
601
937
3033
3302
1925
2232
393
3110
2189
415
1920
1339
491
3910
1390
3857
351
3316
2921
3298
1955
1753
591
3243
3174
3026
3628
2895
1043
2370
2916
1376
2994
929
1231
2753
2123
3352
2014
3627
3546
2541
1552
1674
930
2645
2404
642
740
1993
3041
990
2458
252
609
2205
1163
3344
3313
3873
3685
3576
1373
1129
651
1281
3802
3828
3395
28
3278
2745
1
1202
704
3235
1688
1227
1532
3846
3601
961
92
387
562
1191
2836
2779
752
460
3513
742
2034
2993
1893
3691
1697
183
3400
1470
861
2196
1412
1051
2384
2637
3890
3511
3126
572
3596
881
3055
2151
2256
388
212
3785
3015
3523
3437
2885
3324
96
454
3346
1670
3135
3904
2480
2360
3900
664
2238
3717
780
1162
3393
1417
1126
1910
2124
2036
2182
1787
109
2346
2053
224
1872
167
2828
271
1075
3116
3586
1946
3101
3152
378
359
1527
1731
2857
91
3147
3230
3412
3286
2892
992
275
1513
2568
3012
128
2529
733
3297
492
3869
2688
1543
3247
2827
818
2035
2217
2032
330
3789
2749
2799
1487
3684
3280
3719
1563
3816
537
1013
65
3592
3362
3799
2359
126
434
3312
2485
2687
955
307
2214
654
191
3019
216
2773
2559
3236
1684
1604
688
1414
1922
3704
6
2221
775
1942
3365
1615
1667
854
2300
321
1221
1395
381
1802
2644
3113
143
2472
834
810
1825
921
3357
2987
1871
1473
2714
793
3074
368
88
3599
1568
3212
2939
2094
3872
3489
1114
1757
2694
3072
3351
228
3073
1247
467
666
1909
2733
2159
2882
1737
2227
1702
2171
2697
1370
2115
3893
118
1302
3083
288
2520
3111
3750
600
3296
2488
2089
334
2981
1512
2403
202
2709
1254
3123
1262
2718
172
3897
113
570
3076
2641
3237
3048
3764
102
613
3478
1382
478
603
2511
3551
1068
1576
3440
2537
466
1341
3335
3382
498
2902
958
2398
1574
2710
1758
3173
761
1864
719
3671
2055
1208
1435
1300
1651
1723
2955
2806
220
2045
788
251
1276
357
1054
471
2369
3132
2942
1356
2728
1015
3658
3427
3020
3354
239
1643
3426
2514
2099
1961
2293
2437
1556
1118
39
2736
2741
3907
1720
1590
2358
3090
3641
3303
71
1481
2612
3688
163
1890
1905
1404
3441
871
3632
757
1244
1798
2301
1862
1856
3142
3616
2591
1509
1472
3505
2945
110
2649
689
1421
2831
694
1115
1679
1743
2051
935
927
502
2544
819
2169
493
1908
3751
2717
2497
2241
1514
638
530
1945
1789
76
3305
2356
2570
366
319
1041
1877
2153
2957
616
683
78
959
197
578
3220
3069
3796
97
2737
1669
1168
3734
186
3002
2839
597
2371
3389
3824
2566
481
1284
3800
2756
1654
3580
374
2067
31
3294
322
43
827
841
3165
1050
1806
461
811
2966
2665
3573
1292
3575
1706
1636
3841
255
2185
2851
2958
254
2816
2119
611
15
3058
2814
2379
3488
970
112
342
360
1423
2198
2015
2320
399
1448
2081
175
1766
3864
3662
711
411
3442
2334
2752
17
1717
1399
1559
45
1751
3884
828
1579
262
1441
1022
499
3163
1420
2589
2648
948
773
2556
1195
2528
3565
2535
3829
2563
890
3516
2547
1924
2721
2611
2059
760
3877
1442
3579
3607
3708
3614
245
3690
3504
3561
1025
879
394
1681
1293
1123
2682
3694
3363
3373
991
872
2211
2854
1057
1964
1970
1436
2937
743
1230
1968
260
1629
2174
1271
3422
2606
2109
1732
2377
2350
3436
3791
1189
2468
3306
266
977
1275
3364
323
1660
1844
1641
2811
185
3839
1280
3475
1914
1080
1501
1580
2361
34
2623
2056
1516
1880
3585
864
1644
3881
3045
49
2140
783
3446
2161
3240
3634
3415
3245
3738
398
281
3520
1318
1352
1154
833
573
1733
475
1228
3279
1088
1107
844
3139
1277
424
485
3195
949
89
2372
1741
3417
649
3087
2424
3177
2351
1468
3336
1671
1622
428
1002
1357
3851
3281
797
400
2553
3534
3667
1529
3192
3484
2786
3610
2080
3268
2757
658
2158
2489
2278
1014
1771
522
1536
187
1109
3304
802
3011
3843
3896
2108
3705
3459
2776
3285
3028
805
2738
1316
3560
1491
2705
1575
386
3597
2907
3023
1999
576
1601
2136
836
2470
3569
3618
2949
3901
2216
94
1117
908
2652
3611
2640
1461
476
3657
1368
3334
730
3022
1096
934
3499
1089
825
1432
2672
2335
1232
2877
2484
1235
517
544
2810
3206
755
2531
3860
983
2968
1310
2299
3562
1030
920
439
137
2258
3007
3272
3733
3288
2992
3450
2342
261
2625
3452
3773
1330
660
3463
3467
2062
2441
3572
2349
1453
1705
647
3866
518
1902
3376
1858
1444
40
539
1103
1652
3590
2076
2661
3836
3701
3558
3567
2900
3530
1081
986
2003
3308
486
226
3535
2632
298
487
2104
3770
3399
2605
1350
3749
2707
2420
696
2742
1205
3284
1394
2289
3301
1933
659
2824
1931
1873
2928
1587
1900
2367
893
1943
964
459
1371
1836
2105
2768
3246
3578
3326
695
3178
3443
373
1257
2102
2436
2319
1974
3615
2101
1977
1966
2225
3670
2222
3053
376
2583
3786
3469
1093
2330
3748
3168
1960
147
1627
2971
3418
3449
1366
82
349
2345
1003
1032
892
2977
2503
1517
1210
2947
687
1340
1996
1396
1144
2505
1868
3491
2471
2870
2599
2439
1136
169
210
806
2782
2328
2132
1306
1886
987
3639
3289
571
2891
1272
3269
1842
631
1782
2087
1857
2864
1676
1283
816
132
3654
2660
3731
925
817
2777
2044
1455
2181
1528
674
2208
3494
1707
3423
382
2763
555
2267
1589
2209
3790
2228
1950
3680
441
2408
1904
1878
804
447
496
3056
702
988
144
3912
3741
2242
2617
2548
3425
98
3766
2341
789
997
2407
2454
1555
514
2650
181
129
2523
996
1540
3046
3424
1066
1928
3643
2630
2823
2681
435
3054
599
2333
1649
3767
3726
316
3115
569
1912
2113
2527
1111
1178
317
3629
308
2922
3066
3238
2873
3372
2594
3124
165
1233
2646
778
2027
3471
3036
3543
2850
1021
2551
3392
3678
3190
3807
2001
2975
3128
894
3496
1570
1769
3723
693
2747
3905
3647
367
2013
2165
2173
1298
3711
1518
3677
3361
1171
3895
1618
1833
3699
1935
1120
2821
915
3674
207
2493
3545
1986
3557
2016
63
3349
2781
2046
1606
402
758
2126
2400
473
2421
1593
444
2452
155
3804
1695
2024
2997
3119
1439
3716
785
3254
2199
405
1434
2343
1740
3205
145
1608
2272
3457
1130
1381
2542
3886
1495
2294
0
385
1087
3175
1063
1466
1828
2303
1179
593
1777
2465
377
2383
800
1537
369
2428
1718
2307
3821
839
724
1451
1545
3568
93
200
2558
2662
1486
2022
928
2306
685
2740
1289
3823
1364
3260
2378
2905
362
561
3656
2072
2766
2762
3323
3498
910
2676
3645
2592
2475
2224
665
422
469
3347
1072
727
3772
1860
3797
1167
1301
2713
2574
2085
3888
1597
1059
1469
626
2990
3287
2584
1252
2347
714
2386
2791
2560
717
484
2435
953
1198
1819
320
3234
2009
452
2906
605
1596
1830
3808
1506
3063
3837
2498
2058
1675
2202
2380
2842
1108
2704
2344
3477
2595
1876
707
515
3752
960
3432
3146
353
3219
2938
1113
2248
1374
3159
2243
2130
2960
465
1422
1730
3203
3200
152
2608
21
863
944
2507
3229
2499
3145
1621
2979
250
3374
2305
735
1956
2295
2112
90
2935
3388
2234
849
135
166
3746
3768
2129
896
2920
3825
2985
1519
1424
1953
3156
629
1624
1981
1460
23
3189
1309
3840
1824
2976
1324
632
1196
1156
1489
2069
3775
924
2090
3029
2972
663
68
3598
62
753
1004
1502
2893
2191
1001
880
3151
1645
3088
865
1561
3370
3222
2561
3555
1493
2669
2474
2805
2240
2998
1906
731
3710
3191
1069
850
2796
3549
973
291
2163
1334
3849
3134
2539
1508
138
2134
2603
1037
1055
1303
234
3398
2671
3668
2074
1282
1308
3817
1261
390
697
3371
238
1085
2504
1846
1829
2250
282
3880
1500
698
209
2423
3801
3882
3077
1445
3093
523
2066
1494
917
1752
480
1614
2179
912
2281
1320
726
3356
1116
3521
1038
3795
3065
2636
2804
1454
553
786
1780
1761
615
2963
1331
432
306
1696
2596
678
534
1418
3727
3327
1372
1692
416
1932
747
2783
1515
285
1290
1223
3858
897
3803
2083
116
681
1607
1413
3651
1840
3378
2148
858
889
2593
2096
1375
2077
124
2146
3577
2540
30
2467
2496
2693
985
3
1581
131
3368
3638
2510
1135
2477
822
3257
2397
206
1748
503
2744
331
160
12
77
61
2983
104
2142
2312
763
2167
759
2973
1499
1721
2154
2392
1620
2274
2506
1181
3470
1646
1726
508
365
3480
3571
1770
3589
448
2415
1323
2005
409
344
2207
2490
3835
712
3005
2579
1839
2809
3769
2389
3084
2460
51
1715
3759
746
2678
2197
3183
1335
3444
1703
1329
3383
1437
464
2152
2031
932
2478
1875
3434
3355
607
1384
24
1691
2251
886
3197
3648
3486
2229
2155
2515
2368
2145
974
2577
123
2703
3834
1963
951
1378
1826
25
3032
3687
257
249
1971
500
3067
2382
595
375
2135
1201
978
1449
3876
1510
1979
967
2750
1238
2950
2088
756
2011
2691
3348
3006
176
3176
3311
1573
177
2453
2259
1131
1799
3322
1656
1997
1677
803
117
1870
533
401
1452
2904
3714
3818
46
2576
1411
2388
2876
3853
691
2767
3517
671
2532
75
779
3342
2162
3075
2457
289
2374
1995
414
1343
821
2778
2143
2915
1101
2430
384
2100
2879
3482
3231
2706
122
1387
1823
1990
551
3381
2917
37
2264
2600
1099
355
1954
1639
1984
3314
3622
980
1913
2095
3214
2280
1564
1141
1569
3539
192
1345
604
2263
3385
1061
3623
957
1430
164
235
2731
2287
3487
2018
2239
3428
2236
2571
2063
2446
2405
1190
159
426
975
655
7
3081
765
2982
1834
2686
57
3016
2894
3833
332
314
3453
2411
3184
1349
3879
2946
354
722
2494
1775
1327
3118
3908
85
2442
1346
1710
2422
1661
1958
50
648
1951
336
1975
3762
3089
477
1588
2852
3259
3915
1355
857
2764
668
3299
855
527
3735
1694
1047
2417
2702
2554
2002
1894
2286
69
596
646
682
3233
286
1484
3167
3038
2832
3606
998
273
1477
1666
2881
263
1023
1035
621
2825
114
3275
443
2622
3682
1122
790
3138
218
2585
1790
1884
1361
3391
433
2869
1264
470
2117
2020
80
148
900
3525
2735
2210
488
3009
2315
1756
315
237
105
3781
1572
2402
2760
2898
2326
1585
2614
3524
3867
310
643
3223
3010
2980
325
3439
3282
2391
1653
2940
278
140
2826
2875
2925
1058
2418
2396
2057
2910
1690
56
1650
1153
1213
1701
240
2262
627
815
3419
190
20
2911
1307
826
358
3822
1151
3319
1762
2308
107
2931
3885
3042
1738
3689
2455
2695
1803
3387
1531
1867
2288
451
299
3369
2260
2841
3431
1988
2187
984
3250
3673
2964
3679
1557
2835
2445
3642
1446
59
1511
2711
42
348
33
120
3602
2538
1586
1407
1888
1948
1056
3086
1266
3162
242
180
1026
3913
2476
1612
3050
2914
66
1253
3079
2653
3078
878
728
1243
3652
3745
1274
3625
744
2586
1315
3208
3556
1538
99
3715
2790
887
1959
2204
1794
3695
3386
2190
3270
768
3256
547
1240
346
2212
1562
3593
2602
1663
293
3228
1973
716
1507
1040
1816
462
2896
1007
3780
1523
1077
1938
2390
3061
1029
2019
3894
274
1098
545
3413
1027
407
3646
2366
1853
1245
589
1727
3262
3820
2432
198
941
3071
2276
699
3170
16
3760
268
1415
3166
2324
