2972
799
3587
1298
2818
1389
3704
3763
401
209
2811
2335
1160
1329
3133
3455
2053
2120
3258
3446
2482
1317
1639
873
808
997
1942
3155
2210
824
600
2491
1879
2748
3339
3055
528
1873
2006
2136
3141
2115
976
2105
15
1128
1582
2936
992
3698
143
2274
292
3799
3132
852
1308
370
2560
1815
2968
3125
1225
128
3726
321
2300
664
707
3891
1124
843
3259
1943
2489
2074
3436
2744
2286
2183
3017
2937
2501
1292
1440
635
2977
3871
1369
1360
2600
1046
1069
2851
2576
1516
1901
670
2040
3308
191
988
1867
3553
1006
1338
1671
1482
2208
3511
1336
2649
2285
2130
1536
1944
3687
3754
994
499
2132
3685
336
1763
508
2626
676
1864
3838
3341
2314
71
2212
3179
1911
3879
2036
2623
3232
262
3509
3217
1838
523
2505
2531
1463
2740
2915
3284
126
308
3780
695
1121
1573
2979
908
3826
2582
56
3566
2014
2195
2539
1455
3542
130
2336
2010
3736
2052
432
1756
623
1361
486
256
3368
913
1012
3211
2872
457
240
2896
1090
3237
1568
967
2724
3159
3302
3487
2970
2803
529
3268
434
1402
1913
516
970
254
3674
2414
3101
52
3785
3117
420
3786
3840
625
2108
2668
2726
3358
3083
2934
3109
804
2710
2060
2729
2677
277
346
239
3728
2590
1931
407
973
1847
697
2874
2718
703
118
2269
1083
1227
365
190
1238
590
593
3791
3015
1258
2707
771
2088
1491
3706
3380
991
1061
440
711
1870
388
2634
3316
483
1332
549
2485
928
1055
2687
1862
2672
3624
235
1035
1612
2127
618
2780
2290
2238
3770
1075
2142
912
2409
971
3372
1269
402
3162
3562
3820
2460
1976
1233
456
2492
2730
2165
3078
2344
309
2618
224
638
1173
789
1073
1429
257
2893
303
311
2081
2836
3621
677
916
1343
1529
1774
3890
737
957
1822
2522
1136
3112
2301
2737
649
2470
758
1517
3600
3039
2466
1861
3881
1730
378
718
608
2935
1723
3576
3526
505
1520
3854
1795
3059
3787
1939
2790
319
123
1551
820
1746
2961
2923
3392
760
2330
1984
3569
108
144
414
931
7
2348
3772
3349
153
663
3269
3643
3702
1281
830
3866
2329
3615
448
3131
2276
3391
1962
360
2712
534
2416
1634
280
3354
1956
227
3837
37
778
3178
1851
3654
198
1569
1611
3297
597
521
259
2671
3395
310
1297
172
688
1601
2958
1606
2863
3617
3011
110
3664
1080
1781
795
1883
1037
548
1812
3042
1213
2786
1974
2390
2731
1279
1896
2080
3603
3501
2738
1964
2265
3612
3267
3456
1218
3591
3863
2273
1044
2519
3334
2059
1786
400
1699
373
418
3877
3665
615
329
2664
2102
2249
2445
901
1981
290
2514
3789
3689
3663
3522
958
562
3435
1609
1512
2411
2797
3276
2419
1201
937
1327
320
8
379
1875
3538
2558
3089
2161
767
2499
91
3423
1085
2908
2808
1169
328
2889
134
1220
828
3719
1823
3186
2172
1892
2832
558
1382
2807
2717
2262
624
2924
3549
1335
759
2613
335
2666
1461
481
2340
863
1929
903
2794
3129
3331
1419
1413
3705
1180
1558
1004
89
1632
2952
1285
2575
2156
868
3429
854
3481
678
3063
803
5
2122
79
3548
573
2397
2289
1184
1437
2742
2431
602
2631
762
1339
2454
3556
1098
40
1405
140
1927
1994
3234
1979
1436
878
2605
3564
1785
1738
3465
2333
1481
3270
2145
2577
1067
1474
930
3013
317
1765
2003
385
1139
2462
284
244
2689
1278
3768
2385
3491
2332
3402
1321
3030
2843
2550
2341
2134
22
2537
363
1937
551
1739
783
3144
552
2258
3330
2191
3209
2209
3824
3176
2358
3216
3130
3356
3342
2353
3503
1617
1442
1376
1685
2914
3734
101
3601
3116
3004
3023
3008
1127
3332
1804
2243
3790
3230
2651
888
2663
1648
3798
2084
1453
1013
1814
909
3359
2452
447
1263
202
3
1761
1149
3577
105
2066
774
2813
3887
3557
2885
3506
3366
2597
788
1967
1245
2821
364
2986
3084
1411
1672
3735
3282
893
2361
1695
1987
2123
2198
480
1094
1674
1624
3788
301
332
3161
3036
1844
2887
1465
2261
427
1696
3187
533
374
1374
322
3119
1977
2232
3396
1657
3464
3495
270
2233
2275
2925
2051
655
3815
296
532
76
462
2363
980
3661
1316
3238
2827
2847
2018
442
986
1193
3314
802
3447
2603
203
145
3872
827
3718
2223
1082
80
512
3646
3497
85
2400
192
1112
2735
2976
2796
3825
1894
2593
2217
413
2894
2230
1621
1924
2829
531
1955
189
2534
2926
2488
2000
1439
63
1871
1600
3616
2398
1562
2302
1649
3781
3428
3550
3369
1460
1479
877
2932
3243
2331
540
2941
3563
3328
1827
3604
1553
963
3210
2438
476
2196
86
3508
2520
283
3709
3882
3188
2795
945
1119
1383
3223
1542
3835
3312
1731
415
3360
1509
2752
1532
990
1527
1708
1041
1421
341
1407
2459
3018
2412
2194
3572
2326
2173
2218
2017
1102
685
647
872
2001
1062
3634
2316
383
507
2513
2399
3095
547
583
2440
1129
2
3067
3618
1377
2596
2225
1163
2163
3751
343
347
3035
1993
264
772
2089
1686
2395
2436
2474
530
1186
1898
2423
1271
1758
2027
701
2749
1115
3294
3048
133
2927
1906
3022
1243
1179
2988
2171
706
1625
92
3346
3318
3075
1416
223
161
3693
1762
3382
2477
2919
2432
2802
3752
3818
1018
3147
3630
1651
1467
276
1170
2524
3264
2511
696
2897
2839
2404
899
503
2277
1652
3614
1017
2943
1399
1302
3711
1973
648
2135
2029
2339
1930
2495
3411
2376
1484
2009
2817
2964
3002
3648
3115
44
2320
1952
3005
811
2106
2552
1049
1638
1312
2871
2793
1015
3248
815
3184
2360
188
3409
2506
1876
2239
3805
2633
2857
1424
3045
3177
69
107
1007
2318
2585
871
748
2882
632
858
2617
668
592
3054
2064
2078
225
2905
847
2701
1034
1158
313
3225
3472
1607
1534
1223
780
865
809
2674
1086
3167
2704
3578
2859
3352
773
2945
57
2809
1915
74
629
3864
54
633
841
924
776
1933
122
2538
1253
496
1296
2916
1854
605
260
2760
2787
1103
3301
454
3460
671
2826
1503
2133
2586
567
478
1853
3816
1210
2076
3639
453
1432
1712
2015
896
1945
33
3540
3494
545
42
2569
3644
716
1916
1488
2800
1711
2383
1846
2842
1530
704
2075
1824
1441
2237
3649
1110
2815
2625
1767
285
199
2231
3215
2755
561
1130
609
790
2038
2439
1592
2884
745
709
974
3424
687
1346
3066
417
2152
3430
1031
3166
584
275
1205
3287
3303
943
3052
813
3586
556
710
1422
2891
3362
1140
425
1852
1212
1047
3482
1398
1891
1733
3309
2458
3249
2110
3285
1753
2741
1825
3844
1745
2013
1643
281
2776
2643
222
3427
2154
431
2058
2913
1042
1719
2954
1633
3386
354
2754
2118
3530
3525
3388
1802
1070
3410
2711
1496
3406
2535
3046
3679
2523
1619
2050
850
3594
1874
2680
1751
194
2190
2512
423
3373
1134
2509
1910
261
2933
3846
942
1869
386
121
238
1138
544
3721
2799
1576
2245
1620
2098
1749
527
243
1492
3434
208
2345
36
1204
1192
3445
1645
2023
1787
3461
3468
3521
1185
2973
2702
3385
859
3014
3122
2403
2295
1635
1493
1561
150
3571
2315
2999
30
2562
2782
2362
1724
3515
2103
2421
2159
3715
255
3072
152
1890
535
3855
1010
3311
3560
352
2878
380
3300
2598
1370
2288
3746
2292
2546
520
1023
1273
382
575
1499
2149
3283
2721
2745
3716
1282
2107
1985
1789
3809
1272
2541
953
1345
2037
2792
1757
1850
3659
2962
2079
3596
1207
3096
2983
1081
653
682
494
2476
2670
733
3796
1198
2820
1500
975
1717
2203
3085
1587
2026
3343
1707
517
2604
1286
1752
3439
1054
3583
1959
3136
2487
2955
1969
1613
1596
151
1366
437
838
1729
1791
376
3422
1337
3050
2699
1048
231
2648
1692
3629
3808
3848
1893
299
3692
2030
3914
84
3355
3605
3737
397
1594
691
3517
3867
64
28
3250
293
55
75
2876
1706
948
17
2595
3776
349
1265
1497
589
463
684
1734
1889
3262
2303
3420
2662
2641
2200
1986
3239
168
3714
1072
3588
1842
1249
1372
464
1059
2739
2957
1472
907
3229
1145
2461
3845
3449
1355
3610
2545
1159
2647
3450
228
2035
1614
2093
728
645
1025
3151
1280
1123
2690
1385
3029
3235
3389
3759
725
1003
1710
3510
482
2268
27
591
1604
621
2985
698
3492
834
3527
3384
25
786
3315
3134
468
2960
2169
3060
1954
1515
3009
396
2698
106
1404
1384
497
3191
1144
3114
2095
757
2293
1514
70
1161
2144
3874
560
3383
2978
2622
1642
1836
180
1914
1287
1200
2162
3761
3257
178
1091
657
1182
1142
19
1026
2504
2283
368
750
1038
1743
579
3393
2369
1211
2570
2855
2833
2417
1920
3256
3049
1325
2532
699
3153
3220
3760
1174
3443
3567
62
3338
856
3570
612
669
3033
1792
3652
2969
1367
2609
3829
3814
1907
840
2464
1183
2779
3804
2270
3306
1290
2227
3817
327
394
3345
3347
793
2167
3642
892
3185
3437
247
1451
324
996
1229
218
1788
2147
1779
3156
650
1584
3370
927
404
1818
2061
766
2486
939
1352
2681
1051
3775
3099
2031
2272
2384
1817
3507
588
6
3836
3371
2100
1754
1697
1908
3012
39
2720
3173
1191
680
3742
1702
875
2587
2146
3858
288
2182
1855
3544
2241
576
1039
3172
1646
2337
546
59
2396
947
1555
3876
2630
233
2408
467
1310
291
3753
3717
3703
2856
2805
831
692
3350
622
743
96
210
2990
587
2082
805
2639
634
2880
1998
2640
2498
627
665
2427
1968
2181
731
3885
3158
1397
2743
384
886
784
1897
1466
339
1667
501
2610
2418
3164
1309
2041
3911
2975
1420
640
2684
2565
3710
3069
340
1356
1087
2067
3875
41
3739
3149
3019
1113
2791
3524
146
3541
1244
471
2325
2757
3667
940
3731
3905
2645
2608
3433
3479
1117
1661
639
861
1521
1701
2632
1589
2323
2490
1002
2153
769
34
1237
1828
3219
3483
1526
2430
103
3390
2343
435
3313
3743
2823
3694
1469
3087
2305
3363
2124
356
1166
2473
884
3862
1236
3632
487
889
3413
1131
1668
1704
1449
960
2069
2392
2206
3068
3038
2773
1866
1358
2865
1936
1537
3738
959
1235
3305
2094
3589
794
2472
3197
302
333
572
978
2775
1304
237
1060
359
1533
32
216
3448
1690
3044
2830
3333
1300
968
2940
3490
2374
1978
3412
1318
0
205
782
2812
2357
2057
3769
3633
2679
2706
1925
3379
1654
2113
3183
1438
2382
977
2500
2810
3608
2033
511
1333
881
3675
1631
1917
3361
1877
78
3909
68
155
3240
2997
2020
1834
681
2407
3207
2257
3142
1501
1840
732
502
206
112
3459
2922
2174
3124
3794
355
2251
3193
985
3622
2313
2751
1676
796
1603
2256
2158
3502
433
3598
3916
163
2588
2307
1471
241
3418
1477
753
3304
9
1999
1966
3628
3034
628
1713
2415
2429
2869
3138
1157
182
2835
164
3081
2005
2564
656
2909
3340
2557
2271
2387
1071
3275
2766
3860
601
446
2012
2378
2192
2548
1518
2579
2096
1190
3559
1494
2215
345
1845
1831
2653
3498
2563
173
282
1251
2685
14
3231
3889
1108
1000
3545
474
538
2967
1230
3590
2848
982
1868
1153
1256
248
2334
1353
2581
1033
2393
1330
2518
3779
338
3904
421
946
637
3853
2921
816
1578
2777
2883
3027
651
1577
721
1809
166
1379
1400
2620
3051
1454
367
2682
351
3092
109
921
848
1957
1109
3690
3729
2201
951
2959
2646
2864
1206
2244
1909
399
2816
2254
2310
249
1359
890
1575
1246
1839
473
536
2297
581
2117
1833
422
2892
1941
989
2602
1608
2016
1545
596
914
1778
1780
674
390
1178
1093
2267
3467
3113
537
1627
424
2160
3910
2437
1857
1195
1566
1563
226
113
2708
2822
171
2021
2450
1963
116
2193
1816
2039
2496
2858
1541
2849
16
1065
2043
2086
2455
2092
1412
594
3326
3212
1882
595
800
278
2189
826
2347
3057
1983
3205
3325
3146
1008
2665
3865
65
3337
1960
412
492
3671
1769
358
2342
1821
736
3263
1543
791
2025
2282
714
923
1326
1664
2875
3565
541
2688
2151
2650
2678
185
1887
3404
271
3058
3531
2551
801
3398
1736
2692
35
3061
1216
2553
48
3080
702
3535
3201
186
1232
1446
214
2806
2128
3469
3660
2768
1344
1116
157
1045
1357
369
1505
3120
263
3295
818
2140
115
3094
1709
2521
306
2389
1234
2424
555
749
2481
553
2850
1320
3139
95
1506
3749
1133
3108
3233
2746
1644
3403
2549
66
1744
1457
1394
3670
3543
1428
2138
215
870
2072
3174
2114
2068
3899
1141
1776
1011
962
3181
2119
1408
1324
1024
3377
3476
1588
3090
2899
1863
3635
961
902
3168
1487
156
1605
1490
693
1307
3609
898
1444
1277
3278
3031
372
2354
723
1656
763
2410
1934
2661
460
3650
1275
3668
1841
518
1125
550
1459
1028
3135
2250
2422
204
3894
1106
3861
1375
111
1052
2246
273
1053
1895
1946
2561
1064
3260
29
1807
2221
3655
2055
3196
3906
1859
391
3783
1495
3827
323
1951
781
3169
142
2228
1726
1782
3293
3140
2377
2296
1760
450
666
1884
3032
2592
2723
1120
1507
761
2599
251
2099
1953
1793
2350
120
3319
43
2175
2530
585
73
287
2825
3504
2929
3123
2278
3208
2321
1659
232
405
3473
184
1156
3222
1393
229
472
2567
1552
1401
1705
2594
1586
1880
2715
3831
823
20
1872
3452
630
3555
2555
1996
1982
2772
3823
1373
1971
1950
2199
2733
137
3884
1154
926
2517
1084
470
114
566
1032
1181
294
950
2242
3900
1363
1342
2583
416
554
3700
2700
857
3682
1137
765
458
3681
2527
318
3104
1150
1714
459
770
1259
3488
1433
2056
3070
1050
683
3641
3582
477
1556
1168
274
1452
2544
1800
559
2420
1009
642
506
1078
445
1958
1255
715
2984
2877
2971
3254
524
3686
626
675
1475
2188
2202
2917
2048
1248
2614
245
2281
918
2980
1126
2355
740
1797
1068
2260
258
751
3000
2798
2101
3724
181
3364
3322
1740
212
1602
375
3782
2463
2155
694
855
2676
2352
3143
1464
3581
3079
1261
2070
1902
3202
3913
2591
3756
1798
1570
2831
2774
3669
2178
3247
2675
3528
3645
3453
408
183
2063
2868
2844
2291
3290
2365
2852
509
357
1418
97
160
1293
1489
1262
3255
3375
2317
1905
1522
3163
1066
1900
798
880
659
906
1860
1390
1240
1030
1647
2953
1961
3656
3696
2047
81
3118
3851
88
1100
2494
1114
2465
3625
1574
1250
479
3065
2359
2762
1835
817
1171
3111
719
1322
3175
2907
2716
1266
4
1940
2253
279
2667
1806
187
1628
844
3699
2298
242
3803
3745
2168
941
3180
3043
3539
393
2928
2556
3496
141
1257
3830
1147
3750
12
1096
2834
2900
3126
1680
2311
3546
1820
2349
1539
2785
3040
3747
1354
2247
2214
3744
2841
3194
2493
2309
131
821
1904
430
1241
1425
3561
1289
2559
411
1688
3623
2765
577
910
2503
2652
917
2589
1056
3584
3454
1111
742
236
849
135
983
3107
2946
1899
713
2508
3847
295
641
197
1947
1148
2046
853
1663
1923
3289
439
3585
2572
1291
3021
1396
2981
2091
2062
1991
1580
3323
1829
526
3915
1177
2947
2728
1565
739
3006
539
3272
3573
1630
213
2180
2478
3152
2705
952
1783
1196
1462
1618
3253
1759
3073
1040
1478
1107
504
2996
812
2819
300
2220
3677
3195
2216
1016
353
3292
3764
46
3766
3432
2170
1750
2226
2085
3351
3657
147
936
3007
2402
956
3593
510
1808
734
149
2747
3512
2471
1485
1830
1935
1099
3198
117
136
1426
1239
1254
2783
58
1975
3298
1919
2425
1199
3834
2024
1641
1029
3606
366
2497
1315
1443
90
949
3451
2371
1208
449
779
955
1391
3651
2143
3784
2615
787
1550
2607
3241
3485
3551
2540
102
348
746
1323
1622
1498
845
644
1368
2141
3662
252
2255
2837
1483
1623
266
3722
3182
2867
1135
3344
2628
2457
1328
452
660
569
672
904
2467
3707
2364
738
860
2543
217
3462
2838
1079
253
2185
3246
3037
1057
325
1992
2370
1364
3595
1538
3537
1698
3832
1504
565
1735
2624
3320
3843
2637
1535
747
3102
98
2571
2406
1247
1548
269
2938
887
2222
3684
1572
2510
2004
911
3758
3421
193
3856
3801
775
964
1371
2554
2131
1203
1027
1728
3280
2304
3880
3227
500
2944
3064
1591
1295
289
2054
2507
700
3381
2695
2087
3001
3813
1771
513
835
3348
1215
3908
18
3471
1314
2049
1365
484
2611
2629
3228
1260
3213
1616
2994
1511
1283
2693
2901
3477
2536
2235
200
3397
1687
162
2204
993
1716
3441
1662
891
717
265
395
2240
1684
3041
2011
2386
438
3407
3807
3100
1775
607
3607
1990
614
72
1351
158
350
929
1224
1252
1146
1468
2764
846
3105
3154
2616
466
3597
998
2449
337
3683
51
825
2373
3534
2264
87
2219
603
3765
658
1881
3062
1311
3431
334
3157
2502
2446
987
2580
2177
3666
752
307
3203
1305
3221
735
1209
1811
3170
3797
3245
488
1679
1544
1077
661
972
1742
3859
3374
3190
3486
1395
1014
3204
175
2308
1105
1918
3613
2660
636
330
610
1074
563
764
3680
1796
1143
1021
1581
3873
862
2322
3192
3631
3010
3678
2845
1932
3274
1660
26
882
1837
1313
2211
2974
3640
154
2992
2319
1092
429
1921
2022
3812
3416
3387
1689
2480
2770
1805
754
1350
3419
3376
2367
2380
1810
3886
406
2263
13
465
219
3514
3912
196
1386
38
3484
3336
2401
1340
125
2533
810
574
221
1590
3475
3324
2346
2948
129
3647
3852
3457
3778
2890
2372
1598
3026
797
2814
2788
3121
1560
2008
2931
1525
3053
2939
1546
1885
3575
3401
1585
3440
3378
1231
2528
3394
3868
2860
2150
3627
3218
2294
2784
3708
1784
1637
3271
969
3755
730
3438
1448
2828
2164
604
1737
673
2673
1650
2443
2179
1722
3106
3552
316
1284
1832
2097
99
1997
3160
3266
3286
3474
1303
49
2656
490
3310
1665
999
195
2109
2187
2442
2166
3291
3653
3777
3802
1415
2448
1020
2065
2703
3810
3279
836
1194
1599
2121
3599
1524
1948
756
2930
104
3532
3903
2287
1299
2898
1387
1388
381
2888
564
2526
1673
2112
67
3016
3226
1777
619
1912
3620
3907
3165
3150
1888
2627
1450
3321
491
3327
3478
1214
268
2312
755
398
1970
83
1175
724
3895
2125
362
1217
3074
2771
361
885
613
3265
2709
3408
1681
1995
1741
3762
3206
77
3850
1104
304
2338
2428
2234
1626
965
297
3902
768
542
1242
712
1677
3444
3774
1595
2328
2659
3636
61
1417
1430
23
2453
1434
3536
3277
1755
177
1523
3883
1549
2148
806
1172
3842
2767
1640
3893
3529
792
1571
1381
2669
1700
1118
3828
2213
2989
3082
3558
2778
1583
2998
1865
100
525
2694
2484
2949
3489
934
1076
1301
3611
1001
2722
392
3329
1878
2451
2252
1557
2963
689
851
3695
1666
807
1222
519
839
874
124
3771
2725
2995
2734
1226
2846
1197
2248
3730
2351
3568
3093
2870
436
3466
1519
139
3697
2324
1095
895
1653
3056
1579
1456
3819
3110
461
3519
1
47
3579
3097
708
298
3137
1547
1362
2479
1669
1508
1928
2756
2515
489
3658
1392
2566
3273
3086
938
2732
606
643
3028
3505
729
1691
2568
2327
2483
1458
1703
919
2042
3414
2366
132
387
2224
3088
2356
272
1721
586
3849
3878
2657
2736
1276
2197
2434
1403
3870
620
3317
2002
3426
93
3367
2654
2529
3077
3767
1189
2801
3821
331
1926
876
611
1427
1886
1486
1228
1636
1349
2918
1063
3251
403
1655
1088
1122
2077
3773
3189
2111
3713
1132
410
2236
2375
1819
2950
2279
3688
1720
3499
1790
3701
3897
3833
148
469
3733
342
2456
2468
935
2606
159
1410
1447
3252
1856
2034
3025
3619
2769
667
3800
1176
3741
1409
3335
1288
1348
82
1167
3281
1334
2186
3224
571
864
3727
616
1593
1435
2759
686
2547
31
250
2644
944
3676
1903
2229
