2087
3398
2080
2763
654
3769
1100
138
707
3425
1111
642
3893
3855
2439
2890
2482
2648
1591
3649
1055
220
2924
3069
2254
2204
3575
887
2396
1720
1691
1011
3542
2299
3041
2383
332
483
436
2563
1497
2602
1787
2158
497
1639
742
1931
2201
3691
2645
739
213
3070
2820
3741
472
3424
1119
3520
1845
2247
3663
2641
3104
81
158
48
2522
2864
838
2199
3085
2436
89
3001
2391
1197
54
3510
346
1823
708
1061
3427
31
1438
2793
3465
1881
2958
1661
1235
2668
1306
1815
1246
3868
1858
1949
2789
2766
3451
1950
333
1587
3165
1723
176
561
2700
1129
928
3279
3019
2666
1366
1679
2901
320
2547
1757
1468
539
1474
2435
1618
1538
205
1984
2441
552
2167
1251
574
931
3304
1001
390
1312
487
1752
677
162
2751
817
3243
444
423
144
3145
1603
2551
952
1109
310
3817
888
2784
3139
2849
1597
3364
1322
3506
695
1515
1325
976
1352
781
252
1392
538
2731
99
407
670
935
3058
2996
2315
960
3325
2945
1738
2013
2374
2643
777
1805
1671
80
2104
3212
1995
3152
849
3517
449
3349
2496
3760
1391
3282
1551
301
1567
1621
2744
1773
1524
2779
504
1242
3530
3808
3872
2664
746
3620
3497
2034
2526
2320
2152
2022
1640
2066
1168
476
271
3673
1864
3415
2956
145
1395
1402
1116
1261
1142
536
3687
3857
2907
1075
10
1936
1906
269
3387
1632
1535
3670
1772
3061
3753
511
2615
747
3450
2986
3261
1870
3394
32
720
2918
3526
1227
3150
314
23
1744
2536
3072
3910
2588
531
2312
1444
795
257
3090
1937
3743
2544
2239
1758
3623
2138
2352
3677
397
2895
3527
337
2989
1749
1436
2355
2591
2925
3904
173
2803
1215
3146
508
1777
978
3040
3577
3134
687
223
132
2926
3742
1862
2611
603
2554
805
3775
2257
3664
1682
872
391
1890
2738
1670
3187
2988
3863
1113
3627
359
2443
3180
1280
2978
121
2877
3206
2470
1430
1245
76
2575
2655
686
827
1742
545
1519
1898
3646
232
1513
3039
1899
2313
565
3593
49
1211
513
1605
593
1740
3726
3155
3801
3111
3460
1816
3335
3154
382
718
525
451
3469
1103
936
336
2033
579
683
1062
745
1751
2597
1363
1492
1155
938
1796
3429
62
980
1797
1307
1793
1067
611
903
268
2130
2968
3853
1855
3549
2593
1169
2727
87
2998
1748
3562
2867
1324
2073
767
1115
2818
1707
3108
999
1483
2047
2210
794
3149
3293
28
3666
2754
2963
152
2689
3713
3552
3634
61
3488
1891
2984
1761
998
2012
962
1373
2626
2465
1564
2941
1317
2977
3194
1207
420
2708
1951
3285
3037
2233
245
446
3791
1994
1437
3468
471
2431
180
3656
2142
3782
3630
1735
863
60
3287
759
3692
103
2737
2964
1330
1384
3611
1872
1778
398
600
1756
496
673
2084
24
2369
906
577
1128
780
2620
1380
837
1374
562
1608
902
192
2987
231
502
2617
1952
658
1158
283
2318
2549
1383
2755
1697
1509
2844
758
842
2687
3221
2815
1252
1596
589
88
896
1792
2898
2812
672
1247
201
3566
3706
3255
3251
2853
3607
946
2103
2845
1610
2679
480
316
2566
665
3219
2765
2337
717
3721
3302
388
9
2304
470
1976
404
174
2860
2794
1981
2743
3816
1629
1080
3821
3200
527
2172
3496
3781
1841
2039
3301
2938
3474
3199
3640
3533
1537
1150
968
2347
761
459
2397
293
1907
820
678
524
617
722
490
3231
949
750
3290
2342
2251
958
3557
2790
2196
239
126
3401
2062
426
3822
3870
110
3409
3198
1653
866
3616
372
1403
3903
2471
3347
3024
1648
2719
27
1507
2281
945
2875
3441
1814
2031
3226
2308
2552
1361
2260
1218
2798
1459
1160
341
1561
1783
996
2249
1353
537
1938
3015
313
2286
2814
2181
147
3311
1613
1461
3357
2478
1601
491
3832
3105
3641
3416
2250
3232
784
160
585
1795
3048
2701
1963
691
259
234
3247
530
2943
3053
2767
1045
616
2665
2981
2137
1475
306
2787
2061
3574
3513
2555
1489
3843
3378
3234
2384
1930
2663
1886
2001
2122
1684
3633
669
3894
3013
3492
1014
1066
3734
1821
2395
900
1788
41
859
2043
830
1819
135
1024
3830
3388
1446
2291
554
832
2004
2619
1667
3008
3300
3099
895
373
3637
3789
1420
3824
2393
1912
365
1724
140
1791
3764
164
148
1134
1588
1780
3905
557
3028
2255
3688
2559
994
1827
792
808
3765
1776
1154
2365
763
1229
2796
716
2282
153
3361
3709
3327
57
705
3356
736
3580
1710
2882
1481
2707
2476
1315
2635
1715
1811
1882
2776
1389
227
1087
3288
17
941
3837
3842
1589
503
2246
2608
3025
578
1836
1884
1975
2590
3129
2586
2445
850
927
2372
2242
3373
2826
417
2928
2908
2059
2102
3476
3455
3057
3771
1404
349
2705
1398
2770
507
3854
1595
596
3329
882
1221
637
3720
1832
2101
2042
3776
3345
601
605
904
1946
2899
98
2718
599
2896
2303
440
2930
790
540
560
748
3717
2736
3191
3126
3648
1281
3547
706
3569
3173
1385
52
1174
1397
1599
1054
1435
1660
2451
1782
2808
1812
2119
2155
2871
327
640
3043
46
3511
1148
1263
788
2280
786
651
831
159
3516
1291
2846
3590
3864
1617
1940
86
1675
1166
3668
410
1335
2097
1495
3658
1714
2528
3209
1031
1985
56
273
1900
1371
3877
3667
3169
294
2363
2316
2241
1006
122
2069
3473
3619
810
752
2967
3576
3052
55
2115
1673
3127
3907
646
1734
3117
1224
2184
1624
689
1019
422
270
2258
801
684
1630
3501
1966
1867
1944
1512
1810
3142
1818
40
914
1456
1570
2819
1107
1341
2667
1578
2076
3551
2262
3309
1368
2483
1573
2375
1379
3477
358
1722
2194
3110
2349
2245
3269
2599
912
656
1514
1022
3747
632
3118
1205
3601
242
1414
3244
2058
433
1329
3495
3291
735
3514
1850
2495
2647
193
918
2810
65
1425
2221
3873
1069
3222
1572
249
787
2036
3858
3002
1295
798
955
2878
1695
1490
2715
3275
3033
3250
522
117
312
367
1046
3836
1991
127
766
854
1733
919
1541
3344
3003
1264
1143
1101
1978
95
851
3875
484
3036
2484
573
988
1270
2329
2404
662
2205
1450
3480
369
1923
3436
489
3170
344
1441
3541
3486
2816
1892
2032
3626
2772
2402
2857
3367
2888
2477
2225
2900
1035
3374
1563
1303
3829
59
3420
948
2229
302
3892
3597
2769
3071
2669
2064
384
2418
2691
3850
2739
3475
2607
1828
115
335
551
1775
2520
2917
1932
485
3478
807
3297
2351
3458
3321
3750
2187
1641
3433
2394
3515
886
383
1560
2709
909
1674
1868
3835
261
1357
3144
1977
2858
2401
2610
1339
3102
3391
2830
2622
2508
2585
901
272
1256
1470
3655
1042
3151
3540
883
741
549
1417
267
2658
713
3079
1500
819
3524
3432
1433
3294
298
2994
1669
2948
3014
1287
1620
1195
1498
299
3554
1600
3798
2985
1986
394
3839
3462
3490
2720
1193
1856
3091
1277
2519
3109
1549
2338
3181
2450
431
2151
1390
2902
2090
1452
2309
3303
2990
161
644
3729
3654
1204
893
2891
984
1540
3189
1237
1510
1198
1275
2604
2141
3267
2162
1869
124
1182
2786
1704
3908
1112
2965
604
3833
1568
492
802
3606
1015
34
1690
2134
3536
1619
1747
1727
3211
2125
2099
1790
1590
2970
165
1916
3332
972
1099
3712
3281
3710
1372
2538
215
1096
3532
3256
1130
648
2339
3393
2132
3407
11
3848
1838
2485
992
2656
1346
2417
2307
198
2113
2935
1454
1000
1175
782
154
1575
2813
317
3101
2993
3084
1948
3693
3252
486
1548
256
3121
1887
1911
868
43
157
2653
1225
2734
2936
2897
315
3823
2711
3384
3625
3454
3086
1184
2389
738
517
2253
2217
3128
3572
1662
3550
3790
2758
334
3351
3913
429
569
2525
3793
3780
2944
461
1918
3030
594
3031
3772
1680
1231
3383
2618
3107
3051
1885
881
2657
1349
2305
366
455
2724
2579
1837
3283
1405
265
2399
1090
2574
712
406
3732
1616
1017
2735
3461
1478
254
2003
1643
3412
3895
1598
3696
3763
2912
940
3891
590
1721
2823
586
3021
1387
2085
2584
1110
3447
3274
3485
1717
1178
514
1496
3310
170
1323
3631
3902
1411
2185
1692
3840
454
73
1580
3056
915
671
1356
2427
2880
1331
2053
1913
2091
181
3377
238
3081
2799
824
387
581
2035
521
2026
2426
3567
2836
1941
424
1543
615
714
619
2927
1517
3538
844
995
1914
2475
1602
3676
3202
2213
2000
3818
3369
381
3360
3143
841
1289
1871
3756
111
3774
2111
1581
79
1779
2801
1594
1421
2492
2390
3613
3257
1365
2630
1393
1337
2025
666
1126
667
1034
5
2768
2543
1693
3470
3828
92
1571
1771
2747
2336
2541
3834
1377
2216
3317
3192
563
2906
208
2430
625
3493
3603
1924
894
870
2773
1053
2639
1336
3096
2821
1236
1614
608
2173
1424
975
3381
2863
2652
3076
3078
1967
3371
518
2673
1593
1214
2263
2209
2163
3179
3068
3519
1210
769
2011
3133
1894
2556
1954
3752
3591
297
2096
3578
3885
3544
845
2453
1501
2514
2236
3707
1875
3405
3499
2321
2459
544
199
85
1233
3730
3785
977
3811
2019
2385
133
2638
1716
3700
1039
3439
834
2710
1546
3278
1453
1102
1086
2460
305
414
425
3725
1484
3754
939
3047
1318
3847
1979
2548
2077
3874
3889
3348
1206
3235
179
2614
1060
2488
727
408
2176
685
1177
2702
2232
3298
1750
910
3166
528
3602
53
2449
1876
3338
2410
1631
826
1388
1534
207
1943
1901
3330
907
3077
304
3375
1545
874
2092
990
1698
711
3228
1063
3570
3137
1146
105
262
3406
322
3095
187
203
775
3163
106
933
3112
1212
597
1085
3245
2742
2922
3680
463
1521
1445
1196
3000
2797
3810
3879
1386
3585
2159
113
2883
1097
624
125
3505
2207
64
663
196
2947
1806
828
1230
3778
3312
2121
1767
50
1266
2542
1282
2697
2057
204
3685
2983
3796
1592
3500
2723
3333
1970
2405
650
2872
3067
2198
2051
2186
2285
2117
2976
466
2529
3241
1479
2244
3316
3065
3313
26
3662
2128
1842
1860
6
533
3453
482
3561
1016
14
3138
3683
2302
3171
3350
2009
2049
3066
3783
107
2546
1974
3435
3011
1802
2259
1708
1133
1344
184
505
501
3678
3320
2713
3308
3896
2507
731
488
2224
1194
3054
3860
1161
2992
1502
3093
2429
806
12
1729
1136
3724
1689
1739
3203
1355
2892
1222
2148
1007
244
3819
1808
1730
1879
3911
2306
2783
2613
2494
1927
2050
2753
401
638
3722
2732
2920
3596
1763
3190
1555
2627
90
2248
2675
1919
357
1358
765
789
354
1542
1012
2278
592
2480
3205
1464
360
2971
2177
2893
1084
1865
966
30
1612
2144
343
2023
2344
2530
2934
467
2106
186
2171
229
2487
1265
861
3270
3529
2537
1903
516
29
427
1829
443
3849
879
2161
3434
3599
1825
730
2223
1676
3168
871
2275
3690
329
3148
150
2489
734
1794
3628
1364
3059
1327
1267
760
20
1760
2020
3814
2681
2360
2481
1732
400
1988
1965
3160
2886
959
331
167
889
961
1485
728
652
791
911
1566
815
72
3193
1920
2045
1122
2852
570
2576
2014
3770
2398
1258
285
8
1755
368
108
2592
3446
1432
318
3883
778
2330
2007
116
493
1895
1820
2676
1020
2440
3589
3431
2524
3491
1493
378
3306
3135
1972
2960
2265
1569
1255
1272
465
3727
2951
1434
413
3258
2027
1465
1482
418
2243
1226
1423
104
3681
869
1305
275
3147
1326
1877
3178
3564
1381
3324
1611
3871
3852
2516
1278
2991
307
1428
985
3740
2756
3289
1273
2832
2490
1668
2587
1725
385
1737
641
1257
2220
779
68
16
2219
2283
1260
2175
464
1824
1556
2093
2502
437
3266
2909
645
171
1443
2501
1157
3545
2706
296
39
1964
473
1190
697
202
3882
2759
2328
1928
698
274
1333
2953
3064
1406
97
3408
3421
96
2497
2682
2040
974
2479
1650
1308
2605
237
1239
3622
1123
3845
128
1766
884
753
3890
1216
983
3862
1993
371
2010
702
3366
2545
743
1764
2904
1522
3838
3125
2295
416
1051
3045
3315
216
1208
2287
2467
1531
210
3167
1743
526
3418
2133
1027
2678
3050
3029
2174
78
3141
633
1249
67
2215
3463
3083
1518
1635
2684
591
2831
1078
3723
1074
3326
2680
3878
3276
2444
1407
3176
3803
2915
3186
2473
690
1554
862
1187
715
131
45
3370
1719
2651
2644
1164
3237
2580
1961
639
3674
932
448
3757
2422
3018
2147
1582
247
964
1228
3617
1002
2343
3800
2637
276
3704
434
146
1072
568
659
3792
2974
2631
340
3559
2098
3537
2415
610
3856
614
1082
156
324
649
2887
194
3592
553
3365
288
1656
1314
2683
3652
2028
2642
2160
1992
1854
114
2654
3411
1785
1091
835
2432
1996
1769
2916
1615
1189
710
2686
2822
1955
2839
3472
876
609
550
1971
2300
3629
2704
1462
250
1268
1409
3423
3912
3608
1803
1896
724
2274
2764
415
839
1609
1768
818
2517
2474
1171
2503
1141
3711
3445
2726
2558
328
510
3399
1140
631
943
3023
438
803
2717
2876
1088
3671
693
2539
137
2157
356
3055
2368
1846
1807
100
1962
740
2452
2120
1144
3246
1114
1448
1440
3323
1165
1770
2527
2866
2208
3880
3097
3773
151
2455
3120
3568
1506
3459
3430
942
3413
3861
3355
1809
2266
3124
3210
598
2690
1998
3521
2192
899
2572
3502
3012
2279
543
3705
3175
1511
2740
1359
3098
1798
1466
2046
3815
2029
2190
929
3632
2420
1415
1413
3213
3867
2072
226
1427
636
1419
2600
303
1447
3253
3802
1284
1220
1071
3339
3322
3227
3794
2531
1400
2276
737
1702
2752
1350
2577
1883
3417
2324
2310
1874
1199
519
3272
1765
3787
587
3809
1711
166
3565
1328
264
917
1238
951
2153
1659
2030
3248
1634
1527
2728
2226
2124
1298
347
0
1939
3354
2461
2534
2292
189
224
1089
2290
3583
1759
2178
954
47
2264
3523
3363
3428
82
2750
2273
2564
846
1672
1241
864
1666
675
2071
674
2005
2332
1622
2550
2434
361
3444
1185
3004
757
756
2116
582
2499
2371
286
1370
419
2623
3512
2937
2518
3
1173
1243
2348
3156
2910
1451
3898
1873
495
1005
3161
1523
515
2596
1023
3238
1250
2457
1586
2804
143
1120
3094
2885
2379
2851
821
2107
3140
1
2573
51
3489
3886
2458
580
1360
3386
2358
2109
1431
816
629
1354
2949
1347
1623
134
1418
2289
395
2437
3553
228
352
548
411
363
2612
1117
309
348
898
1426
809
266
2589
2606
2674
3087
2150
840
3402
3716
2632
3595
3046
412
281
3610
1132
567
2903
3240
3346
2802
797
704
1847
1304
441
3088
1799
2975
3888
1945
1878
3273
2931
3865
2078
3119
1754
38
1137
2350
2403
2063
3280
843
2463
3548
618
957
1503
776
2006
2973
1933
3082
1544
1987
800
200
2780
679
2438
2868
375
2506
2695
1539
3336
3115
3831
3518
3207
35
2778
1334
2869
1028
647
982
532
22
920
2202
2833
3614
1449
1167
251
1839
2105
351
474
2311
2504
963
453
74
2314
2841
3159
1741
3546
643
178
3123
260
71
3684
2932
1192
575
2491
218
3563
1104
2380
3651
2838
564
3702
3438
2616
744
1997
3136
1552
3162
2535
3368
402
979
556
1694
475
3534
2055
1753
2164
3236
3639
386
3404
3092
1041
1822
993
2933
3675
856
1637
3618
627
2493
3177
1804
93
1021
3689
701
2540
84
3372
3826
221
1254
3759
2183
908
3695
1310
2108
2015
2688
657
2513
222
2074
2940
456
2
2182
2806
3026
1416
3528
3698
1553
3218
1784
3643
729
2848
3659
225
2775
2800
3009
2079
588
1983
1068
1188
1147
2211
2807
3353
2017
981
2082
3397
997
3044
2296
973
2386
3555
2840
2722
2703
890
240
694
3884
211
3714
793
1902
2777
1607
2447
1013
506
2817
3113
2894
950
3636
2469
3215
2252
1840
3594
219
1557
2095
546
83
2562
3305
572
1477
1685
3718
241
1473
1283
555
3341
1180
2169
529
2515
1678
1746
3645
3827
3736
3214
534
2672
2086
3295
1026
1300
2237
2272
2771
3682
3400
3265
1706
3230
2293
3452
1213
725
2227
2792
1044
2745
3915
681
1745
1774
2995
2075
2954
3131
280
403
1520
1649
3635
1092
2433
3319
916
2625
655
3358
1645
1504
2533
2581
668
1217
2448
3807
323
3535
300
971
2238
3010
3825
814
7
602
1935
4
3587
2685
2961
2191
1915
2677
1469
1851
3331
799
3694
21
1332
923
142
2277
905
2327
1817
1642
1863
3916
723
2824
2149
2068
3195
2268
2200
399
2231
2472
2966
1135
2364
1969
2982
812
1401
149
1583
1476
2016
2353
1921
764
279
499
2874
1990
263
292
3116
3337
773
1309
523
2969
2442
1153
2387
2646
3268
612
1565
2509
1559
558
355
289
1037
1893
1463
1139
1658
2060
1009
676
2400
2997
1905
1076
2228
2979
1664
2847
2126
1065
3379
1525
308
326
3233
688
3581
1348
3440
3887
3897
1299
364
1036
3130
944
3737
2145
1826
442
169
719
771
432
3820
376
2914
969
129
2570
94
1562
1159
2376
630
3062
2179
3466
458
2408
3588
1201
2454
634
1989
3859
3284
2382
2267
450
2392
183
3503
3866
3196
2662
3799
3650
3703
2466
353
1947
118
965
319
2952
3216
3471
1294
1043
2377
37
2511
1342
3795
2854
2843
2366
1095
1396
379
2041
3604
3766
1302
3443
3042
2523
3735
1533
3016
1781
2532
926
498
2345
1048
3385
494
2650
2624
885
1917
2694
3744
1467
3449
2325
3035
2193
2234
1516
130
2500
1980
112
460
1529
2118
3701
1038
3239
583
566
1290
2795
2661
1269
2929
1646
3556
44
1848
253
1627
1376
853
1105
1286
836
3699
1176
2696
1800
230
3644
1209
3299
3017
2195
2842
1472
3032
2505
1731
2761
2088
2024
457
3624
660
3642
796
2037
2782
2955
3132
2214
3419
2913
721
1029
3204
3508
136
2861
1494
430
3560
2008
3758
547
749
2749
699
1460
2165
1718
3715
937
1959
3582
2367
2919
477
1982
1686
621
1897
1276
1408
2565
3188
1801
947
661
374
3271
2456
1852
3482
3328
877
3340
15
2733
956
2959
3657
755
2206
139
1833
2322
2889
3531
682
1064
1526
2065
1853
185
3075
2170
2693
278
3376
405
3525
3074
1033
3264
190
3899
3844
2412
2136
3260
2741
3049
3615
1191
123
2712
1293
3296
1652
3106
2143
2628
1577
2829
867
1170
2521
2594
69
3846
3487
1121
2123
243
2699
700
2923
1681
1050
2362
2462
109
1625
2406
2498
925
3661
1835
409
1636
478
3909
3900
175
2879
217
1866
235
3277
1018
177
1399
2334
246
2180
2716
1052
3089
1378
3022
2862
3229
897
1488
1536
1070
2218
2512
2156
2288
3183
1422
3901
1145
2748
732
1127
1262
2428
1973
3751
389
774
3733
3586
284
1108
1321
3738
2714
1683
3571
2373
2188
772
255
3224
1292
1633
277
3201
2692
120
1219
2670
3876
3851
206
1098
2850
1162
1301
2980
1004
3805
829
3598
2870
1713
66
2154
3679
3020
3543
2409
2378
1232
3182
1968
1010
2791
2972
3225
435
321
2146
1480
3007
2294
342
2601
1584
970
2317
102
1297
768
703
3813
3286
2609
2297
1699
930
3456
1313
3380
2240
3761
1059
2054
986
1909
855
2837
512
635
1079
3410
3746
1849
2957
3653
2354
2388
3220
1958
2569
1455
1859
168
1077
1654
2139
762
1025
2346
77
3749
2698
1663
3708
2510
733
2636
2950
628
2323
1831
3906
2018
3777
2094
2335
860
1957
3584
2835
3060
2464
1550
3259
3869
3334
1172
479
1410
18
3362
1953
1999
1253
2166
3352
3881
445
1922
2333
2825
3669
2407
1532
754
3841
2660
1058
1606
1762
2865
2081
3509
3797
1574
613
2331
1338
1655
921
542
3382
1200
500
865
33
1163
2357
2261
2189
2905
1340
2421
3006
3437
934
857
1057
2127
1240
751
3263
2052
3359
1248
3464
2568
987
2760
1925
1288
520
2567
2168
1486
1687
469
197
1471
3242
3609
2598
3034
1813
1889
1888
3223
3479
1843
