658
3467
3017
565
3226
3747
612
1082
14
790
1638
3682
125
2926
1270
1560
313
1411
2525
588
1394
2261
1499
2813
1797
1798
1542
2152
589
514
613
2032
2692
761
1015
1473
729
2431
1810
1591
1346
2161
1551
3550
945
3661
2169
2883
441
2774
1600
1336
3433
3234
3231
3309
3085
1901
1642
1807
1839
3675
3192
1077
19
1632
3367
2781
3169
2495
2724
782
3221
1619
2962
3463
201
1136
123
765
98
1667
3430
2015
15
2791
2448
649
3131
3845
1173
2327
2679
2522
3304
668
2965
966
319
951
1455
2081
3210
770
2349
2035
1958
3722
2961
2456
2416
3301
996
1384
2007
860
3719
2526
2038
1426
1121
2173
2380
2720
866
2849
898
498
779
74
3754
3324
2064
1673
1686
773
2908
297
3901
435
1678
558
1859
2640
2374
300
3347
1291
2927
2048
1096
2701
1990
356
798
464
576
2910
3151
2454
2920
3822
931
1126
3750
2298
102
90
3176
472
1764
859
3057
826
1283
2222
2267
3696
3403
3649
1978
2202
3128
369
1863
1149
1795
892
181
1860
424
2046
507
2714
1520
2856
231
3593
1957
235
2149
3247
2319
496
1253
928
3115
3215
2853
141
2810
1786
3590
1036
2453
1319
2716
1444
935
740
769
1570
1305
1285
3094
3794
3034
648
2270
2113
97
493
2798
967
2937
2976
3816
2879
2588
3077
2731
2196
1821
3022
3223
1208
1212
2488
2070
1505
3732
3506
3704
126
1719
1380
3911
1819
3603
2928
743
1926
2511
2877
894
350
3714
1395
2674
3520
1104
721
3121
1624
1215
1704
2851
376
1732
513
2763
1170
2520
697
834
1070
307
2293
241
1943
1672
3236
2005
2995
1366
117
2719
1547
2087
1607
2997
131
1602
871
1608
1878
396
1881
591
2932
1308
2897
3306
3549
2023
1402
2306
248
2597
3359
1295
3770
2644
2390
703
2427
849
2659
647
2971
276
1047
389
3552
184
3137
3498
3663
1376
1133
1171
1537
1923
1504
1513
2528
1738
30
1339
1723
1288
3629
3363
3525
3398
666
3835
1003
964
1762
805
2863
594
2506
1996
273
1016
2916
3049
2840
3516
2224
3302
607
2071
495
656
2377
2988
463
2658
3165
3701
3650
831
3086
1491
557
2281
2423
3032
794
2030
2461
2008
2576
897
2125
3881
3318
2088
1769
1483
3414
2721
3175
1892
1621
2968
1153
2257
1083
3187
2372
1476
210
716
1916
2567
1453
1853
1373
720
279
2415
0
3372
1252
3527
634
3632
3275
1463
2854
1658
2578
349
3827
2357
511
948
265
875
2702
881
2497
3222
364
353
3515
2342
2904
116
3488
962
2252
1831
1674
3755
2440
997
2796
3623
185
2402
3000
3713
1736
215
3300
3837
73
2555
1193
979
3852
264
1959
3538
739
1058
2594
3320
3252
817
2509
2014
2621
1852
3566
559
1188
3270
688
3913
777
3024
1311
2444
3016
2442
3694
2945
121
3426
3168
3738
3556
1299
7
2568
271
981
1623
3587
266
1217
2531
179
1813
531
575
749
714
3471
354
2037
1300
1554
50
3353
2155
1803
3090
3238
2057
2127
1176
3393
3906
1220
1161
3832
3854
832
1763
1054
2504
2514
541
2535
878
3875
2980
1239
2622
1109
1781
3197
1585
1649
275
222
1669
2779
2793
2642
544
3480
2066
3460
759
2887
3091
2753
2846
99
584
2049
1582
1387
1985
200
12
1718
3243
3258
2094
2112
532
1044
3179
1617
3645
152
1862
1656
2601
2361
219
2573
28
246
3899
1744
2339
3048
2885
1565
128
1020
2379
604
2139
2738
915
3711
2100
2871
75
2661
2486
764
2220
1643
2778
2366
3345
225
3326
1276
1033
2788
134
2228
1832
3354
2685
1434
2455
523
1845
3267
1466
766
2969
3415
1616
2618
1409
1203
3178
386
1441
2168
692
1192
2474
1323
1115
687
1196
3857
2911
2955
3677
1911
3355
2746
1935
3607
1965
3343
2684
202
2759
2794
3389
2656
3878
3618
2917
289
1179
417
774
3662
2560
938
338
1518
1160
2230
3409
330
457
3245
2543
1693
2061
2016
1445
3821
1146
3408
3790
2577
2836
1341
2412
1659
1183
2447
1961
344
864
863
1413
1993
549
2140
2219
40
1415
1062
879
3160
2862
660
635
2478
1815
3560
1631
2183
2818
56
3046
1452
55
33
3903
1412
49
3206
1200
42
1772
1724
1605
2331
2065
3133
1244
136
3531
2263
619
2558
3188
2669
497
2711
309
1653
3819
1851
2889
3264
2475
1129
3765
536
3364
3379
2163
646
1439
2553
882
2518
814
3064
2445
2703
543
2758
1588
2548
1850
3089
1671
122
3551
3634
54
3440
597
2296
2348
1488
1880
1812
2992
3311
2839
1697
1354
3893
960
1030
2981
1128
2353
2215
1722
3731
1481
227
3447
322
3637
162
2785
1228
1636
1979
2972
1512
2042
3185
2373
112
2485
3250
1920
2801
304
929
2323
3668
1516
818
626
2473
2305
3553
2645
444
3485
2866
645
2085
2747
685
257
68
3163
1443
3769
3569
2001
992
1436
937
2185
1417
723
2435
3652
1175
247
66
521
3459
2269
173
65
3756
421
1886
1388
3730
1710
2886
3277
3884
1296
1889
808
2761
2529
3700
312
1871
877
1783
3420
3802
3864
2354
3578
325
639
2998
1780
1130
3684
728
230
2615
3477
1206
577
3147
601
3766
2807
1960
564
2329
2806
3123
410
1861
351
2144
3149
2496
926
3056
3848
2227
884
220
1612
3134
1541
27
1893
1629
1970
1156
1679
2489
3894
872
209
2551
1432
2004
2784
3099
3407
452
1055
85
2625
2611
1931
3377
3797
775
572
986
503
381
2133
234
3308
1694
3114
1714
2062
139
1482
106
3685
3044
734
2739
3511
1227
196
1644
843
1397
3829
1425
3289
3774
2940
3140
1351
2639
1405
3127
1424
1282
3540
436
2855
1595
92
3161
76
1221
3050
2914
3108
1500
3908
1713
3346
2534
1941
842
2783
3605
3023
2012
2413
2237
1894
1598
1361
3776
2607
105
3370
3227
2356
3615
1177
3898
2617
2804
3708
2929
1013
340
3810
339
3442
3106
1268
2175
2641
1997
154
3207
1135
2398
288
1646
3529
2300
1777
2820
3439
3907
500
1307
2231
2776
3330
1615
2592
1459
2098
1895
388
3823
3838
590
3495
176
2278
876
1287
1309
1103
140
2464
2294
3334
2181
3450
3006
582
2142
3203
1695
654
2868
3053
331
1610
1273
1586
1340
2341
101
1662
1989
2634
1235
1842
1793
1675
2540
2225
844
3686
1403
2017
2848
171
1292
801
1890
1567
3654
394
1939
1442
2148
862
378
57
283
596
1745
1031
508
1210
1302
910
1423
1461
211
1888
3646
2262
822
293
3141
1172
1267
16
3036
3167
2376
3786
2819
2901
550
737
3233
2602
1162
2025
3783
2093
2823
3627
3392
2653
924
414
2689
2324
538
608
3890
168
3466
194
1492
2566
1897
802
3416
3095
1536
2451
3428
2872
980
3781
2147
2986
2620
2288
3546
3263
2304
3456
3706
163
1927
1053
902
712
956
1250
1641
3219
1078
1829
1181
1297
1740
3373
2750
1141
1917
334
3268
3636
164
468
1817
1214
2383
3499
1213
3572
432
1184
3292
1164
2194
1474
1746
3144
3693
753
3116
3597
2508
1120
1454
2931
72
2880
642
796
1410
691
2982
2629
1458
3780
38
2124
3487
2978
865
2466
2438
2241
3190
256
1480
177
640
484
58
2717
994
2287
3497
2393
3759
45
2906
242
874
3109
448
3413
644
973
2371
3201
3818
326
1407
2667
3138
3557
1234
2787
1690
2226
2141
3613
847
1682
1806
3093
2502
993
2097
3228
3068
373
751
3020
2896
1687
1081
3400
3505
3588
1211
233
368
3764
3237
3768
3078
3244
702
1533
1457
2892
786
561
1715
2537
2256
2715
2201
1556
2110
3598
3473
824
1876
2472
1418
1613
473
3510
719
3763
1872
2111
1501
3338
3476
615
2700
676
3204
1906
439
3069
2521
1577
2450
454
3196
2218
2401
422
216
375
294
2136
2328
1733
1824
3493
1197
345
3683
2893
2541
2816
2860
489
813
1201
296
2767
3697
2011
573
1528
2539
2958
2477
1548
3715
2741
942
1834
481
1858
3591
2590
1626
281
2135
1390
1681
3886
3026
1830
2582
3492
360
437
2587
3508
1887
3315
1316
1914
1973
2735
671
1226
977
2126
3337
3892
398
982
1737
2729
3449
610
752
1809
3254
985
3496
788
3284
3792
412
446
3014
2355
1438
3482
959
459
978
135
488
93
614
2291
1143
2583
221
2963
3801
2079
83
3518
3489
1249
3391
3438
1113
3528
520
3610
2593
1399
2933
110
384
3351
1278
1400
2092
1148
2426
2107
1134
1761
1826
2326
1787
3070
3405
3444
2247
1269
2449
427
3402
2054
1720
936
2430
447
3418
2632
763
989
3437
3809
542
3399
1063
1138
71
3156
1396
2523
2411
1875
2728
3120
3635
829
799
1637
925
1543
1983
1877
3417
3851
1038
2394
3075
3040
3806
3422
1158
1430
3660
2941
603
1975
3630
3470
1544
3687
1773
403
1190
710
2239
1022
115
2276
3721
2944
1389
423
2934
2086
1106
2250
1903
2532
2253
3746
2469
501
1066
917
3171
3452
1073
3483
3871
793
2143
2050
3873
482
1189
1503
1507
2052
2550
3474
2894
525
291
348
2179
3824
940
1446
512
1921
2433
3468
3005
1573
3102
1056
385
2942
3561
143
347
3678
3641
683
2960
3054
2318
2313
377
1775
3775
1709
2010
545
1379
172
665
778
3143
2500
2939
2275
696
3753
2977
1065
983
840
1069
2647
321
851
2186
3435
251
2697
382
1606
845
1976
2651
2699
3612
1378
679
3576
3702
1933
1833
3251
2725
3692
1805
3259
1716
617
3720
2643
2153
586
2524
2752
1511
1127
2400
2368
3260
1350
39
1757
715
2460
3333
1509
1347
1909
632
3712
180
918
3803
3356
695
303
450
3317
1882
1086
2395
2072
2730
2994
742
1005
990
1706
2681
1343
1540
144
2083
686
2624
2311
1087
305
3602
442
3464
1596
2254
1884
3191
855
2773
2569
3256
1791
1868
2264
3840
2571
3401
1592
2627
1223
2536
2146
95
2542
2943
1100
911
2686
3620
3820
1314
2668
3850
3055
1111
1534
578
804
1132
1352
2637
2751
599
3327
3342
2584
451
921
465
346
806
581
3787
2138
932
2959
1506
3299
1835
943
1525
2320
3431
3015
3059
2722
732
3874
166
1930
2706
1398
3062
3217
2414
841
893
2501
249
270
2396
1431
2708
2290
1209
1918
51
3253
1241
82
2740
583
1640
2547
3548
2516
854
1290
428
3779
1456
118
1414
704
839
3725
3348
3423
2178
833
3486
25
1330
3481
810
1163
3624
636
1972
2302
1519
933
3897
3092
781
3406
3900
2834
253
1711
506
616
680
2441
2192
1334
1272
1151
3676
953
3740
1383
568
1478
2744
2119
722
1782
3861
91
3395
26
3582
3604
1698
949
2975
1854
3469
3896
1205
2000
2315
1785
2704
1449
750
870
195
2709
2103
2782
2211
2160
621
111
1748
2499
2924
2145
3888
1090
1677
3592
3741
3458
735
1700
2900
3665
2347
1601
1758
1794
3879
2266
1174
3767
718
11
320
471
2755
1034
2690
2512
789
3543
736
3173
434
3193
784
1770
2831
2090
2748
323
1563
819
1186
2915
1472
717
527
60
888
2828
2292
124
3507
3555
2812
1199
2109
3844
1735
413
2404
3547
3638
1091
3051
365
2561
2272
415
816
1251
1530
198
480
3249
2861
3278
923
250
3030
2743
3229
1122
3640
387
1587
708
2918
731
625
374
1359
1517
2174
957
2457
3073
1392
2707
1969
2676
1726
677
1692
158
3536
1953
3432
984
1666
2206
205
1865
3382
3425
3523
965
3298
3664
2921
3443
2084
3154
955
429
1061
1374
3479
745
2882
3841
2605
2389
77
2913
2115
2833
2382
991
2826
974
3083
1353
2198
2059
2989
3735
3504
2800
2346
2073
3723
393
3084
491
2154
1639
282
906
1580
258
1683
1816
23
2249
916
1260
699
3297
3457
3653
3724
3484
317
3352
3008
2273
1059
1040
3532
1603
3679
1105
2325
2210
2279
1028
3126
672
3335
1263
807
627
2638
780
606
730
458
1856
1185
70
1124
1788
2006
1991
137
2687
2420
1680
1046
366
3368
2843
1144
1796
1561
1982
290
3814
1248
3180
2156
3065
2586
3195
3777
1599
852
821
2193
823
504
939
1981
1919
3856
1052
361
3112
548
1822
2815
2233
1265
3622
3110
1495
3281
2983
662
2009
332
3831
2216
1045
2790
363
2490
528
1406
2078
611
1951
1891
1944
3328
3726
2134
971
1789
280
2596
1800
2765
3079
254
1381
2770
3728
2080
2974
3155
2310
2650
3859
1422
3619
1385
1358
2631
2745
3427
3136
651
1327
2180
1590
2367
420
1828
2387
1625
138
2034
1848
3876
811
2229
3390
1035
3737
3441
3385
3369
2964
150
1440
3322
3061
192
456
3052
2857
2019
1963
3834
2114
1836
1634
1688
3027
3868
2842
1275
2350
1898
67
1954
629
2074
2595
3139
3248
1899
2612
2614
515
670
633
3429
1155
785
652
1365
2121
1246
3103
797
2821
3539
3242
1550
3357
3037
272
1345
3434
142
1194
1363
2648
316
3396
678
2303
3609
3071
379
3589
3028
2869
2255
896
2063
1995
554
1139
2207
1231
21
3752
623
78
975
3514
2190
1988
516
628
2187
213
3198
1255
1618
63
3412
1867
170
151
3451
555
1751
243
262
701
1571
3703
2369
3323
1647
1243
2458
2336
3521
2802
2510
1039
1721
2662
1349
2549
1676
2909
3202
146
1628
2757
2628
3164
2865
836
1664
3705
1956
1756
1660
3074
3080
2572
2363
3111
2459
1645
2694
709
1421
1232
1950
1564
1332
3717
3690
2695
2771
2664
3211
1508
2873
592
395
2076
188
1420
1665
1689
2581
187
1074
1490
3846
2386
3751
2265
2923
3213
1072
3478
405
1304
3762
2484
1984
2289
669
3419
1820
3148
301
2260
2286
2733
659
2091
1067
2481
2051
830
556
2895
1207
333
1369
2903
2691
479
2867
3559
595
226
2213
2317
1014
3107
909
2996
1707
255
1938
963
3153
1010
2432
3004
81
3606
274
1486
2365
3340
2671
1245
41
1092
88
299
358
2044
3361
1362
127
2824
522
3583
2580
46
2557
2993
2875
1051
490
1006
2436
2950
1335
1539
1467
1159
371
1784
653
3453
2789
2599
2493
1274
912
885
1725
530
1685
18
2665
3021
2314
1823
2297
2258
3502
3672
3870
2693
3332
2657
1743
2476
223
2417
2244
3611
1559
80
2189
1108
3707
682
2351
3009
3386
820
263
2610
1075
1437
1779
1555
2680
3246
1261
212
1494
1879
998
3626
2809
1180
1037
69
13
3571
206
186
3666
3465
3885
2675
1470
237
3145
2881
533
2197
161
2031
2150
1367
756
3446
269
2033
706
109
2020
2251
800
1907
2307
3517
2120
1947
3448
2563
2507
1635
3533
1469
2957
1114
419
2157
433
3067
2623
2056
2987
2603
2654
2344
2060
328
2949
837
1717
3579
2585
3290
2309
3285
1099
3262
1597
2948
1883
1514
2405
3181
3773
2468
341
3655
2705
1523
566
2409
2858
3411
148
2131
261
2243
2677
1224
1042
1929
3003
2132
1364
1320
828
3118
1027
2095
2556
2545
1060
193
2935
2832
2878
792
2176
31
850
2902
2462
2308
2480
2683
3519
3152
1375
3394
1233
1167
2104
2606
3699
2021
3012
3880
3877
2626
1998
3813
2397
3058
2589
3088
825
343
3709
3341
952
6
1029
298
1967
383
1765
3376
2850
1910
401
3291
3087
3307
914
3614
476
2170
3670
891
713
59
3214
2028
968
552
944
392
445
409
236
2075
408
1391
2864
2544
460
2077
178
1730
2172
3574
2330
367
4
1008
1450
890
3319
3739
1264
1357
2421
1552
2726
3019
3883
857
1191
1393
1802
2954
3170
3889
1007
203
812
1670
2967
3283
160
29
24
815
3727
1317
748
2214
809
3293
2403
1866
657
1902
466
2574
650
3235
2248
3503
3349
2321
2646
3199
208
760
2797
3101
3013
469
1257
539
2200
3303
36
3257
380
2762
1023
1857
2295
370
1230
3066
873
1229
3798
1254
3667
2238
430
3530
1198
2777
3038
1844
848
3018
2338
2749
3656
1289
1703
1668
1419
3554
3793
2533
1840
667
675
3691
3778
1594
2089
900
3280
3336
1266
3905
62
3669
3158
1178
3159
399
1497
2283
1847
1522
1068
1333
310
1465
3904
2370
2191
2106
2953
311
1386
3001
2268
1182
1999
3599
1652
726
2570
79
2337
2905
159
443
3172
3076
2463
2027
3595
2274
1526
1904
1708
1734
483
165
3895
3584
3189
2236
2562
1313
3276
3869
133
2129
3209
3455
1084
2205
1125
397
183
3625
3567
2712
700
1262
2470
919
2047
1768
1814
2635
1558
1948
108
48
3329
3853
1238
2808
404
768
3135
1218
3282
157
1663
1404
689
1648
2277
593
1946
1766
285
738
3807
3225
156
694
2609
1496
1583
3208
2966
3718
3339
3305
1147
3858
3643
352
217
2649
1187
3421
1479
2424
895
3616
922
418
3573
2137
1195
684
2246
114
130
1118
3564
2970
1462
3124
119
3642
3365
324
838
1945
2128
2359
2795
2407
1142
2204
2045
1731
1654
3212
1093
954
2619
1026
609
2428
618
3782
1150
1032
1277
880
3454
767
1940
1843
3461
277
2245
1524
856
2754
1012
267
3915
904
1080
2312
240
2096
3042
664
5
2343
1864
1873
2479
84
3710
1344
509
2
886
858
1925
3800
535
1538
145
2682
3125
286
3177
1771
1705
2467
1589
3362
2835
537
182
3648
1691
197
3380
1915
2491
1924
400
1971
1328
2408
707
3043
3545
3010
3847
3239
2177
342
1011
1966
3287
2660
1338
1811
3651
2316
3580
1885
2419
969
972
1729
3513
462
2167
901
3501
746
44
2123
1145
758
2352
1569
1140
232
1701
3096
1651
1024
2503
113
2630
147
402
2803
1326
2040
3205
1019
2375
3194
191
1657
107
2838
1827
861
3295
3031
2591
1696
2947
2221
2360
3271
2742
1838
3375
2530
1874
104
169
1315
431
1
913
2760
1116
20
3647
976
120
1790
1949
52
1776
1429
244
3535
3063
3360
362
2483
3742
1529
2212
3843
2013
2067
3608
3274
3166
1021
268
1342
2554
835
1043
357
1557
1298
950
2930
132
3570
1152
3410
1549
3758
3585
1922
53
1294
306
2039
3865
2118
3029
1168
337
1301
3581
1611
2322
1064
2465
3025
2391
2718
3344
87
3916
1712
3716
1655
846
1242
3462
1759
3644
2332
3033
2182
1222
3122
9
930
3378
2362
663
1620
3269
3381
1057
889
2036
2559
567
1493
1778
1433
449
2232
1604
2938
411
2538
1661
698
2519
2766
64
1484
772
2991
3174
574
1754
2429
1202
1157
3795
1980
2734
1468
2805
3674
1017
1968
499
1281
1545
579
3313
2764
3041
1527
2234
467
2737
905
762
3524
1487
1633
2284
1942
3
3872
3745
690
1994
1749
1908
783
89
3047
2385
2068
229
2847
517
2844
2446
3142
2209
1684
2392
2285
3734
2102
3639
3424
3791
474
1952
3436
1401
3374
1447
2024
1286
2604
3045
3867
3729
2437
2859
1578
3887
1123
1448
3671
1325
2022
485
3526
3534
1728
602
3828
519
795
1236
3565
153
2171
3695
3358
3113
1755
1742
302
224
359
505
3748
390
1477
1095
3839
2425
1568
1018
3659
3294
2973
2710
3736
1870
2188
1928
34
2600
438
2919
461
10
600
174
787
1752
189
2345
2841
1131
776
733
1382
475
2912
372
725
2364
2723
2845
562
741
2663
190
1750
585
3105
2799
3475
3224
2936
3350
3860
3882
2876
727
1727
2166
3218
1371
3842
3220
3562
920
3098
1471
32
3596
3563
2633
3855
3749
1324
3232
757
1553
1900
2259
1846
1521
724
995
1377
3744
3146
8
2422
1753
3760
2053
1169
827
754
3657
2334
1216
1237
2203
624
1050
477
3733
2951
2487
3817
245
1247
2108
3296
238
2613
2598
547
1804
416
3891
2069
1987
327
1986
2452
3331
292
999
524
3541
2792
3830
3216
487
1502
2003
2952
655
3658
2756
638
2780
1408
1098
853
1932
1427
2874
1498
883
214
1574
3387
2117
3383
961
3404
3035
2043
1535
1025
455
3097
1329
3799
1774
2990
1001
3230
3914
2768
3002
1137
1977
1112
3100
1702
540
2852
1312
470
204
3621
3542
2552
3104
1992
2099
570
1475
278
1792
1650
3240
3757
1271
3688
2546
103
908
3788
2130
3789
1896
2884
329
1581
947
2301
1079
2208
2002
3132
1089
2616
