598
1327
2363
2253
670
1202
2470
1376
2690
974
2641
1784
2389
375
3497
36
1039
2897
1661
1273
2364
645
2477
3916
1809
185
1651
2855
970
1080
3538
1234
1604
3857
1424
3205
2128
1830
1792
421
3407
1619
364
424
3518
3317
1541
275
367
221
1582
3225
1663
3388
54
1056
1220
1690
2764
2423
1330
2570
1065
373
2400
1901
2374
3386
3699
2923
1405
580
2579
2928
1630
300
3464
810
3801
1300
95
1806
2041
2856
167
1573
2481
2494
1091
1827
2999
1113
738
2879
910
3184
2179
1524
2824
2338
927
1471
488
3530
3505
3450
1120
3720
2731
3765
2746
3468
2590
883
548
3202
1008
1196
2000
3256
1437
2257
2075
77
713
1474
873
3280
461
1402
1130
2499
2752
911
1301
1107
2772
3079
648
3824
2161
1538
1191
816
195
1007
1260
3093
3856
855
811
1749
1877
477
3556
1721
754
2307
1664
791
969
806
362
1665
2437
3416
3241
877
1598
757
2509
1689
2093
251
2685
2243
107
3777
2598
1237
2703
1407
685
3187
2677
206
2501
1267
3413
234
2344
3415
246
2340
74
1991
1653
1246
1880
2704
1101
3012
898
3675
2695
1649
2860
2323
3515
3759
406
2328
1035
807
2798
1361
1033
2876
352
165
3815
1662
3781
1181
3458
733
2142
452
166
755
2468
2626
3273
318
2512
3729
3652
1559
762
1428
2633
1299
1316
2974
773
3593
1439
1383
769
1278
3589
2741
2073
1403
3745
800
3610
2676
1744
3226
1620
1077
2708
1568
1557
2476
1778
2473
3512
3903
862
3810
3144
1312
726
3687
992
3100
626
1417
3006
1053
1294
2720
3364
1166
680
3807
2891
582
2200
2395
494
1076
1183
3696
1187
3185
1487
2635
1087
678
3783
2835
1706
2580
2444
3174
718
2396
139
3249
2422
153
2713
3820
3521
3791
3353
2224
3904
3344
1466
46
1787
1795
3825
2197
2589
1193
1682
446
1627
2242
163
3666
1167
1944
3313
704
425
3379
98
188
2890
3172
117
1265
1530
2329
2094
1986
1917
1324
2522
297
925
3555
1841
341
0
3078
179
3633
1834
157
1225
2606
3713
3097
3405
1595
3383
2805
844
2379
3085
3152
397
1544
3548
1030
1558
3077
507
3240
530
990
3145
1668
520
1151
2348
227
1694
2393
1728
299
1915
945
1691
586
3002
1700
858
2121
2954
835
3287
3621
1736
1755
823
2699
1632
2385
3452
1098
1904
1122
3816
664
3106
3017
1804
2143
3016
987
1013
752
2508
2938
2728
525
258
2773
3076
1284
271
3722
93
549
2326
2564
2193
975
2736
2950
1638
1790
1492
2327
1862
2465
1438
415
2296
3721
2450
2925
985
1997
57
850
1935
728
3605
3768
2342
872
892
13
448
59
3027
3149
1786
1941
1885
3340
64
2953
3019
1020
260
2726
2375
1427
3095
1315
444
2511
1139
3444
2563
1621
694
2560
2420
1500
1926
2600
3630
3320
3631
3812
58
1479
1527
1628
366
3507
2832
1895
3735
123
1015
1836
1791
3714
3408
1597
3397
737
748
2863
3793
3828
481
1923
1362
42
3876
1793
1047
2754
2297
2063
402
759
1254
1477
33
2955
503
565
2920
392
3533
2384
2918
3802
2310
1097
3617
2014
761
1410
956
1516
1631
3118
891
951
948
3342
3217
1400
232
2530
1336
152
3728
1491
3366
847
579
3561
962
1535
3300
2783
2578
2496
972
1742
3110
2013
3887
2433
1382
1607
2123
2673
3624
3056
3626
2345
3676
1426
55
837
1044
2608
3401
2995
787
884
3263
2875
3880
1180
1017
2201
3872
2493
2804
1458
1699
715
949
2141
1233
3162
2233
456
676
2214
1499
393
1088
174
2324
3295
1505
3428
3688
2807
2944
183
3789
3391
3367
1213
635
1023
940
2627
1295
1465
3850
2806
2202
554
3455
331
3393
3448
1708
1802
2292
3219
1174
3772
2268
2349
213
3908
2281
2969
1780
1671
1241
3748
1912
1654
3639
1971
2864
3493
3668
3817
2199
1979
2130
2124
864
244
1
838
3419
3804
286
995
1149
671
3343
2489
2060
2239
1561
3457
515
1925
638
1813
608
2132
3189
43
1141
1083
200
2609
1411
1882
2330
3361
1414
2157
614
825
618
1501
971
1398
3609
535
2788
707
1460
3891
750
820
3435
2661
3501
3018
2550
821
1027
88
2799
459
1548
2009
3299
489
301
3664
2599
639
743
154
2051
419
1864
1451
2027
438
2288
2318
3622
380
3803
2721
1347
1529
632
1184
1824
1829
2833
1688
3549
1658
3128
3830
3595
80
315
646
3740
103
2072
1947
110
3776
2101
457
504
1774
17
3420
1441
3418
3583
3490
2369
2079
559
2525
2112
1940
3191
3362
2991
3463
3261
168
340
2770
730
159
2287
3465
2102
3228
2212
3024
3662
605
3503
3279
2204
859
2592
2637
2428
2045
712
1498
1723
2357
651
2587
556
881
3062
460
3255
115
623
1165
2090
3164
2453
2794
348
2882
541
3270
1980
3422
2977
1434
3658
250
571
3863
1629
1932
2940
1289
2314
924
3375
2361
3698
361
1928
826
1018
2083
2622
2632
2777
3124
2231
3585
125
1693
358
1655
1840
2483
2761
1704
2683
2653
1482
1412
2317
1676
268
3075
3291
3717
3489
1984
1309
3350
3869
3290
2415
3354
919
1374
3439
2213
875
2883
1346
1121
2427
2884
551
938
841
3113
3394
470
2597
401
2646
67
197
3659
2394
3670
127
2119
2540
1349
2033
3470
2913
1883
3540
2160
1040
1640
1884
1854
3030
2436
1001
3347
3576
204
2191
1920
3660
3640
1029
3171
3104
3409
2255
3432
3628
3782
1026
3635
1850
3648
1262
793
3902
100
2691
1764
1153
756
1966
3492
1563
1111
2680
2951
208
2116
3797
1255
332
1820
966
3511
2531
399
3363
3537
219
952
3381
3302
1907
3216
510
1799
870
1279
356
2016
599
1903
2697
218
3818
417
506
2758
725
3231
1545
87
1259
1206
3001
2559
3667
484
1711
667
1014
3779
3587
2390
2898
476
283
839
102
3461
2841
259
2854
3101
151
1518
3469
1729
3321
2487
3165
2366
2846
409
3234
19
1176
2781
2040
1461
1766
1199
1281
3146
2630
2985
1073
3103
3750
3766
1618
3258
2343
290
436
1707
423
3370
1993
904
3780
322
1540
196
861
3773
957
2934
3746
11
3703
2438
1464
622
3260
3542
2628
2502
3496
2007
3442
597
3059
3150
3784
2486
2145
3665
2861
500
1209
3380
2696
1752
3524
2187
2844
353
3516
2802
1094
1532
1807
1078
3681
596
803
2263
2134
2166
1134
3137
3319
1235
2311
2539
1846
3020
3096
3827
50
3708
830
831
1378
2972
1197
3474
3161
3775
1718
1879
1051
1889
129
2365
1513
2979
654
3026
3709
1090
527
2619
1960
53
1720
3757
3176
2737
1158
1569
3579
3654
1486
2148
2289
3525
170
1159
2513
1096
2858
696
3008
2775
1998
249
2828
3459
3136
2768
2382
2718
3369
2334
2429
2629
1981
1504
238
790
3034
1415
901
854
2003
1814
3451
2111
1982
538
1483
1062
1553
1633
1881
2066
3424
303
2793
56
2688
3855
307
774
587
2078
2899
3382
1247
3491
2174
52
3905
3371
996
1601
917
3378
138
2565
2080
242
1552
2440
2152
1853
1109
1137
2416
2727
2110
3907
3134
3025
1789
3132
173
2028
431
1953
1341
636
577
2
378
2612
3289
2085
1038
2220
1779
2260
1615
2964
1603
2859
866
3221
1368
783
1835
3233
545
2778
569
3054
1580
3050
3833
3040
3368
2945
516
282
746
2241
3335
1843
3865
2810
112
1079
2404
1734
21
1965
2198
1306
3114
1480
916
1914
2517
749
2251
1509
3476
2780
349
130
1956
512
1143
3888
888
2937
3304
3197
3874
1064
75
365
3323
1110
199
1832
3715
2195
3563
128
3129
2205
1201
2046
1731
198
3048
3334
1421
3200
2561
3632
395
886
2285
3552
797
2569
981
3259
1534
741
1725
2968
3244
3294
550
369
908
2138
3900
2738
82
14
2023
3882
1656
2491
3799
536
848
224
47
2866
313
2730
625
522
3359
2910
1737
3697
3837
2546
2686
3909
1355
1667
2939
39
131
1431
164
2261
1138
3522
1822
37
2921
2246
311
1493
2448
304
3758
2714
3618
2082
3005
1571
3028
384
631
343
2521
2322
1354
1369
785
2005
2782
3373
3125
2331
3598
3073
1334
2303
2787
2700
2092
813
518
3731
344
3250
3655
1170
3545
1384
236
2694
207
1132
3565
363
487
2315
745
3695
574
2614
615
1605
1650
1435
2216
2838
772
1951
1386
2613
1819
846
3494
2886
1520
3646
61
2076
1575
1970
1867
643
1207
2097
2421
1344
3208
499
2667
1350
3829
3730
808
2679
561
3282
758
3348
989
650
149
1890
1963
2471
1385
3764
66
1973
1695
3527
1616
775
1555
2922
732
1112
1375
612
3305
267
2545
3315
211
677
2359
133
44
1586
652
1701
2074
3245
2698
1592
1331
63
2750
2171
3705
3852
595
2751
768
3329
1034
1454
3623
3222
2399
2048
1394
2409
24
918
71
1703
3543
1351
2259
1593
2851
3684
1892
2337
3871
3701
1945
2997
958
2454
591
3690
2030
602
1590
1261
1219
3890
2120
1135
1010
1983
2818
874
3843
277
3318
624
926
3892
1373
2894
3107
633
429
734
3523
1031
1643
175
2006
716
201
376
798
1719
1223
517
3333
2725
3257
980
1335
1570
3462
1339
763
1307
3547
2956
2377
937
3014
3805
724
513
836
890
1173
99
1263
1652
2505
1171
309
3179
2158
1286
3899
2779
143
705
108
572
295
120
1521
2462
2021
3500
628
2784
982
1596
298
1617
3571
2194
1657
466
973
634
3849
2498
3421
2917
1128
2702
2495
1277
26
1447
2965
1519
391
661
41
1702
3778
2857
2190
2234
2586
3357
253
2068
2536
62
592
2252
1512
1371
3119
2012
1771
1192
231
1959
262
72
2118
1861
988
1002
3337
2376
1626
1342
1897
2831
1155
3508
1161
2914
3641
1863
1292
104
3414
2180
2360
594
3495
2065
2830
1005
1133
1449
1624
190
649
1930
1157
3895
703
235
3301
27
114
658
1726
1777
2114
405
2052
3614
1106
1987
1321
2480
2960
3480
3254
1828
176
2373
5
2975
2507
3570
3591
379
2126
1878
1117
194
3514
454
1845
3526
455
23
1372
1856
2439
1144
1906
3737
92
2551
324
1886
921
2300
1685
1916
210
3235
2168
702
1949
3143
1356
3689
1952
2478
2949
2516
2054
1269
2684
1367
1798
2109
89
68
934
3108
1221
2426
668
3718
3702
337
560
641
418
2666
519
3625
1494
1129
2554
2256
1319
3109
666
2767
1366
2039
2207
2989
1291
2383
492
86
2055
3692
521
3482
2692
2408
2735
285
1712
3637
2709
2258
3159
3723
2880
360
3809
1608
2069
1409
827
1909
1436
3111
1016
1070
2474
2309
3089
1475
1012
3009
575
1125
2089
2098
3615
2849
2523
187
2642
2232
3853
708
1623
326
3339
462
3094
3195
177
2403
3064
2316
1318
735
1910
1943
1860
3733
1127
3867
2837
3513
412
171
3112
2998
528
947
3436
2107
832
1972
3209
2645
2447
2038
3619
469
3472
2978
1625
3053
2221
3634
2391
192
502
978
2047
1551
3278
284
2532
3122
2405
894
3203
1732
1058
2279
1175
3166
2568
1380
223
8
16
2557
931
1075
1249
3230
1872
2757
2797
15
1762
1311
607
433
141
3158
1692
1429
3760
557
2660
169
547
2115
3138
3574
1028
2706
1340
655
3726
617
1468
256
2026
3013
485
81
1152
2902
1422
3010
3531
1489
3672
2312
135
1443
2295
3204
2581
967
2935
1613
3535
2705
2946
2881
2306
2887
1800
786
815
2593
1797
3677
1230
2032
3788
2603
2042
964
3306
1842
909
3608
784
31
555
2907
2869
3081
3268
2647
478
1086
160
1816
3098
3502
3404
2362
3437
776
1868
3246
398
32
1908
3752
3449
3445
2895
428
3669
1888
2472
2654
824
3286
3834
2785
3785
254
3774
2518
124
1423
843
1648
600
1195
3423
3893
2057
1041
181
2294
546
3206
3327
1072
1222
2650
2732
3471
245
2091
1887
851
3238
1988
3912
1855
2235
3613
1212
2010
2500
1211
1236
2336
2571
1739
717
3553
1395
3582
1687
2223
1898
482
1370
2024
620
880
1252
2572
1363
2354
1145
889
2008
1162
1769
3117
2792
1036
3061
3395
78
2176
669
85
1089
1401
2636
334
2206
3398
3792
261
2625
3483
2659
3831
111
1875
140
1523
3744
150
3532
1131
1810
1256
215
2228
1637
923
1801
1228
2169
1057
1208
619
3862
3795
581
22
222
764
829
767
3355
2277
1579
2490
2710
2583
2189
2617
778
3767
354
1958
1142
3753
1472
2528
1004
2893
1104
1681
498
2744
3399
1054
3115
1329
1560
3539
3384
657
1812
442
1533
1118
1163
3433
2689
3558
1063
385
2154
1095
1189
2352
3356
3886
1359
1305
2350
1488
1990
578
944
3866
2620
3481
2165
2050
932
1215
1858
714
2541
3169
3360
3392
40
3562
1352
2919
1666
147
689
1741
900
553
834
2634
2796
1470
955
1922
1531
1760
1546
3742
1248
357
1768
1975
3188
3607
2135
3885
905
3440
3086
731
511
2967
2815
777
1442
434
1506
653
3716
965
420
642
3275
1093
869
2271
3554
2461
3160
3567
2601
584
1514
1276
1296
3288
1547
1919
1611
2443
2711
3686
770
2811
1576
38
2981
1205
2638
2742
3770
3584
1955
529
2044
1103
663
241
1641
3211
3661
3682
118
3120
3155
3643
818
2203
801
1515
3168
2011
3126
2088
35
2865
929
3467
69
276
3488
1772
1049
1456
2809
906
3814
2826
2163
2424
1837
3237
3029
1765
1508
2442
280
1696
1217
1893
3769
647
684
1381
2845
2286
630
3612
2086
709
2896
2017
1003
2457
3039
2555
2904
3683
2573
3047
1455
863
1636
3011
2463
2136
278
2834
954
1440
699
3870
3271
3569
691
700
840
2397
3147
3736
2605
407
3811
2519
3182
48
953
544
590
3602
316
3550
323
2402
1298
1226
3475
3738
2147
1587
1581
240
1066
1123
3460
979
2034
3022
3883
3427
2900
2765
1896
2827
1738
288
1467
1238
2270
2302
377
2724
1177
1745
2952
25
2959
1084
2789
2388
2671
3431
2926
3506
3037
1675
2177
270
2618
1931
1522
1600
467
1433
1325
3578
920
1848
411
812
3486
2916
2753
3559
3400
2278
1870
1677
3224
3292
2848
1258
1818
2970
3854
2099
3438
2434
3269
2892
2441
1114
2346
3080
1572
328
629
1275
2104
2821
3910
868
1948
202
2398
1823
3859
603
941
1933
3068
2596
2533
414
1343
2284
1635
1043
3175
1669
302
2276
2574
1585
1313
439
2064
2293
1502
2503
2356
1006
1574
613
1815
3443
314
3629
1826
2963
1869
193
986
1042
3266
3844
682
601
3310
1962
1507
914
983
2418
3042
960
936
3220
672
1660
3509
3734
3806
2933
2901
374
1169
2096
1303
537
1308
3214
3183
1425
1961
90
2825
2575
3751
2175
2381
1578
3663
1283
1849
1727
18
3041
3316
243
2723
3154
2488
2229
2430
3674
1757
1085
2304
2877
4
1280
1957
2035
388
3704
430
2853
1808
524
333
2108
611
3044
2244
2987
220
1913
3242
2582
3116
566
1108
2497
3712
1333
2681
3253
2749
2401
1839
1179
1567
2611
3272
3756
70
833
887
1198
2170
1634
3678
1927
1290
2577
132
531
1740
2414
3685
2059
509
2962
3341
3620
2435
2367
3326
2237
564
792
1452
2529
1156
2871
3647
3588
2299
644
1946
719
345
697
1934
1758
413
310
1549
203
562
3072
753
2553
2547
2729
687
1770
1264
2943
2542
3406
306
2407
3842
2672
999
2885
370
3603
1763
387
3580
1977
2649
935
2870
2776
3157
2520
2226
771
2905
2817
2760
1293
1622
3091
1722
3057
795
1724
347
248
1450
1332
229
3426
1969
1146
1326
3848
368
2929
2878
2961
1609
2209
2139
1554
876
1825
2643
788
589
1942
2043
440
3322
640
3644
1754
1060
1756
1918
2648
2719
3847
968
3121
1686
1673
437
1227
2640
3043
1037
3252
2380
3650
2159
2538
604
3065
3741
225
1185
1747
1025
2371
928
688
2469
3201
1126
2149
2127
3680
2812
1543
959
912
264
3864
2411
161
2543
134
1599
3247
3534
2227
3790
720
2566
136
1457
3447
3170
325
293
3314
3638
3754
2146
189
463
1715
2249
1670
1781
2378
1271
2670
747
3841
483
20
281
2840
3840
1484
1873
2070
1282
2305
1817
3487
1266
2182
451
1902
3592
1364
3352
1050
3
779
2639
2931
3860
3332
1463
2071
2247
2823
1751
2025
588
1584
845
351
2903
2291
1844
3536
2526
1136
1302
2759
2836
2392
3839
2131
2178
3358
946
3223
178
3896
660
3283
308
3425
2004
1985
2313
865
897
426
3604
1140
3868
1606
3914
263
2446
3743
2492
1116
794
2947
913
780
464
2185
2218
568
2370
2240
542
1297
1490
1647
3004
674
274
809
427
2734
3596
2819
273
1526
3338
3328
3875
2756
1404
148
1203
3130
3346
490
2412
514
3898
2766
1976
257
3390
1866
701
7
339
627
3700
3396
1967
2623
3651
3877
3000
860
230
3325
760
942
2280
3031
338
3058
3649
3671
1338
34
1081
736
1588
1716
1445
683
2996
116
2763
3822
1148
2607
453
1253
1645
508
1811
3566
496
172
2036
1759
3102
1379
1200
212
606
1992
2733
3336
3572
1556
2889
2353
963
679
3023
97
2862
2930
3412
2061
2868
3762
113
2087
214
695
216
119
2558
1115
1242
272
180
2067
3794
1067
789
2245
1730
1542
1610
1528
2319
2909
1705
3156
1748
1717
2230
2771
1304
1796
121
265
2514
1659
621
2217
1045
871
191
539
3180
2852
1805
2701
2976
3349
2460
336
142
3377
1459
2113
1594
2225
819
2986
3312
3207
2932
3755
1357
2290
2693
3796
3007
449
505
656
1310
1160
2839
3262
1418
3309
3911
895
991
739
9
3196
1250
2211
2320
3372
2162
1788
292
1642
3800
2631
441
573
1698
156
534
3127
2029
3586
3693
2527
742
3051
3710
445
3786
2567
802
558
3915
2056
2745
3894
903
2556
3599
1639
2151
1416
76
2644
2740
2150
2669
1871
450
3901
3264
3858
3070
2333
2236
1048
2452
899
2504
1392
994
922
1069
422
1697
1905
2368
1838
3813
885
101
3274
2172
3153
1794
1210
252
673
239
1767
2847
902
3036
3590
1517
3088
435
1550
3267
3232
3060
3215
3821
1994
1833
533
2406
2747
1100
3597
182
814
3099
3303
799
1782
1485
371
2716
1009
3239
294
2458
2717
2117
2445
3403
2774
2081
3212
2524
781
2002
1996
2722
497
389
1565
3787
1408
382
817
2957
943
532
296
49
609
2515
3248
1939
984
1186
2803
1511
3727
2137
2173
96
1393
3808
158
144
2386
2814
2674
3851
3071
2459
162
3082
1562
1937
1239
2372
1644
1406
1473
3186
1011
1124
346
3906
84
662
3402
1182
2031
3560
3083
3706
2621
930
403
2077
1345
3504
3798
896
3229
585
479
2283
3084
2262
2419
1746
416
3568
1612
3694
3707
2183
2387
1968
2274
1377
3879
950
2755
12
1214
184
3473
1674
2053
2651
2210
3285
1268
486
526
2482
266
1432
1245
2658
3454
2282
2591
2842
849
1164
2254
1052
1154
3135
1995
205
3021
1602
60
3832
1323
2485
335
3429
3218
3277
443
681
383
2678
2739
3032
1272
2682
1240
1388
3636
857
2122
305
1857
2196
1684
893
83
2358
3446
2058
2942
1876
3003
3063
2624
2927
1444
1583
1999
2208
1503
145
79
2941
495
3038
2273
3069
765
3485
3656
3653
2801
1390
567
1397
3719
1019
2562
1353
2992
3763
721
2715
543
2829
882
2743
2321
2451
1989
3345
2610
3510
3284
3478
3913
3105
1683
1785
1194
1525
3210
3387
3541
2475
2816
1068
2455
852
1776
1646
3167
2769
1102
1481
2615
2484
3528
2748
3296
3151
3140
3456
2993
2103
1000
2510
804
711
3519
137
350
2813
2215
1929
1032
2425
3761
1539
3308
1852
570
2506
3293
1894
3199
1274
3033
2248
2164
3616
3131
3148
109
465
475
3193
3529
3657
2662
1430
1287
126
1022
1891
1803
3642
473
1577
3581
2095
3601
1119
1536
1865
359
2062
3385
1387
320
3546
3324
432
2602
2449
3835
1216
2479
766
1046
3838
805
2888
2707
2984
3178
73
2084
3897
493
2668
1061
1317
1147
1365
2994
3732
637
1328
2298
2576
1218
3430
1462
2534
247
3243
2351
2308
1360
2037
2675
3594
