1367
2753
3896
1941
3719
3340
1770
1591
3745
1400
2484
209
684
2122
1457
3824
228
3129
1506
1439
3736
3320
3183
232
2676
653
1794
1870
765
2061
3486
326
1488
3828
2814
2250
1305
3912
3251
16
2032
865
3498
1733
2007
2871
842
1261
198
1985
211
2399
1412
2799
2507
2355
298
2089
2870
1185
107
505
1144
433
2454
1581
1045
2587
360
246
3017
2869
3483
2884
278
2679
3123
1349
28
2999
1708
3463
3059
2941
2901
2847
1061
2064
616
3720
1540
3287
1328
2065
1014
2043
725
2024
3698
1806
3635
3831
181
2397
1839
2544
1683
1744
3735
2091
1028
1312
780
316
2856
983
3497
1200
183
2367
3265
3871
967
250
1851
1734
3327
2874
3407
431
1132
3709
3111
1318
3282
2600
3880
3874
613
1062
3102
1375
798
1589
2088
2287
777
2854
870
2453
997
3755
2188
1866
863
454
3512
899
3225
370
3193
2347
3391
286
900
3633
2583
2416
237
2510
1797
1958
354
2755
1855
2182
2046
3739
2093
1037
692
1943
2019
1783
3604
1620
3600
2450
242
3161
579
1153
3127
1980
2473
372
24
886
235
710
1437
458
844
2214
3875
631
2688
1530
589
524
2217
1414
2226
456
2196
167
3609
1740
3485
3137
2523
227
2882
907
3217
2339
1389
1330
3605
732
1703
1953
1850
3437
1364
3280
56
3192
638
2573
1717
747
2611
2003
1650
2331
2555
3791
1191
2696
2073
2512
2126
1416
1355
1417
390
3862
1218
231
2729
116
2834
1847
2220
690
2883
3230
801
935
3894
2703
2078
1974
2945
3430
2866
1918
3488
2821
3484
3220
2829
3428
903
980
2826
2033
984
1534
400
1886
3594
1483
3117
2939
2553
2186
2652
1991
3611
2928
668
3444
3658
1719
3731
718
3380
1940
1431
2978
2919
3136
3823
1517
2414
2175
1599
1865
974
178
30
1747
2642
1133
1677
1056
2086
2937
1223
2909
624
934
2505
1149
1771
648
3529
754
3406
3527
1136
1122
437
1774
146
1303
3013
2646
2780
2571
3170
1113
3630
656
1079
1603
3214
525
795
2638
639
779
3621
721
409
2666
3551
1040
1569
2656
3141
1687
2623
3812
236
1681
331
453
500
2577
33
1101
2805
345
812
160
3571
325
1785
3844
3890
2357
2197
3692
2532
2592
406
3470
3785
567
1787
3133
3710
1567
2251
3606
2684
2641
3228
2330
565
2816
755
2048
1188
2366
3519
3661
2524
1376
455
706
1780
810
3337
2154
1858
1593
2426
993
2058
3360
1892
268
3363
3296
1704
509
2271
469
3414
2456
498
1381
1074
700
2445
3242
929
1082
2645
1102
2486
2341
2112
699
516
1226
457
799
3751
517
1568
225
3222
2907
3607
2023
50
2044
3175
751
3703
3567
2596
555
1696
2378
2111
2718
1331
1934
472
1370
1772
3625
852
248
3803
1735
2528
2575
3688
163
3023
2678
2340
1804
969
3190
1754
3870
259
1112
3528
2328
3676
3671
267
3643
3742
476
3767
686
295
201
3617
3121
2457
1973
617
2365
1327
1497
343
1150
1213
3502
3532
981
3232
1730
786
1347
1494
1875
2994
2807
441
3579
3281
887
2400
251
3110
106
3775
896
2606
304
2327
1788
467
1694
58
1937
98
776
1280
2820
1764
3040
1662
2082
1324
2500
1392
3315
3629
2375
1434
3238
1460
3508
3159
1189
2208
207
2739
447
375
1053
1549
819
3283
2210
9
3016
2169
466
2168
1314
3302
2100
2267
157
2628
3784
911
2291
894
2998
2332
2881
11
3168
3284
523
682
2681
3790
3335
1377
3740
2392
10
2835
2288
493
512
807
2539
1386
3098
3732
3218
301
1180
2021
3384
961
2997
3733
3598
1311
1283
2936
1007
3065
2413
2969
543
2394
492
2314
1095
2422
835
2238
3749
2025
3690
2336
2495
3270
3438
2812
1818
1000
3809
3195
897
1592
2080
2921
103
2444
2106
1111
1244
2492
2280
3268
901
1675
1624
1015
2290
3062
281
3554
3443
2302
1146
1867
1657
68
3288
3354
1948
1823
2699
3863
708
657
533
3582
38
702
1063
2376
2876
647
818
1128
1709
1477
440
3058
3466
385
1611
771
3456
1671
141
1944
1105
2786
1841
3167
3173
1385
3522
2496
3860
3700
3249
1038
2143
1815
2475
3656
3674
3553
2953
1402
1979
3526
3622
3714
3221
1051
1790
3275
1833
889
3261
1004
3196
2976
1537
3603
3115
482
627
1616
219
64
3199
1207
1315
654
2604
473
1099
2962
3696
1864
257
3548
744
283
91
2956
3559
1435
3855
2803
1443
161
79
206
687
89
3126
3715
766
1852
760
3453
3068
1156
1160
3684
3634
2986
2374
626
2931
2924
2128
245
2982
1553
2391
1059
3545
1002
2603
3501
1792
2787
2469
2898
1290
2405
1232
1214
3050
1054
3509
922
767
1808
3557
3637
2415
2860
2563
2673
1423
247
3224
2194
1219
1618
964
2959
2380
1257
2823
1158
3139
2635
986
3160
2326
582
3596
2733
1279
194
3323
3552
1397
272
3069
3882
1642
468
3213
3839
2222
2746
2653
1945
3095
3786
590
802
3588
376
118
2235
2108
1134
3219
3194
2242
1481
2568
3402
3907
270
1165
3408
3085
3364
2526
2609
1588
1050
1353
3305
3246
2224
1243
1731
3770
1333
1832
2257
2321
2990
3204
1701
963
3052
350
1351
1638
733
2533
1237
3416
1566
2692
3673
2827
1637
2965
709
429
3169
610
2643
323
2292
239
1225
723
942
1322
2121
3564
3005
3247
2010
658
2159
3482
2930
1993
297
2221
1829
32
3253
2266
300
2219
2030
3429
652
3379
882
3439
1626
1587
1401
3539
2035
2665
2244
1949
666
3915
2059
1777
519
2306
3686
1854
2926
3467
1444
185
2239
3198
2448
2952
1699
3787
191
3778
2286
2900
1837
3397
918
913
3746
3737
3215
1433
3346
905
3080
2051
223
2116
1428
3712
3404
1470
2967
2160
256
559
793
2985
3716
3180
2451
534
3704
2085
2211
2191
2612
2334
387
2364
3724
3849
876
111
84
2000
449
3756
165
3140
3033
1277
1297
90
1371
2410
3877
51
3575
637
60
2170
1796
2810
3820
3331
697
23
3352
1486
2388
1501
2950
1017
597
2685
214
1345
2556
2631
2490
3651
544
2353
2349
352
3834
3112
933
2759
212
3260
177
1424
2911
3151
434
1665
2757
305
49
1228
13
3316
630
1720
110
2297
2971
3797
131
488
2241
874
1293
2285
2434
2935
1273
1652
518
975
2377
1296
1890
461
328
88
2255
1843
1391
2751
1543
655
2031
280
2658
112
3538
3147
602
1700
2317
3441
1083
3489
1016
176
2564
2379
3276
3464
3793
2918
1952
3420
1779
220
822
2461
3162
787
3166
1027
398
2237
21
3155
3007
3353
1495
230
3372
1361
3143
2802
3235
3322
2225
1169
66
1368
883
3835
1086
1782
1092
3056
1325
2407
3858
1664
1464
2411
3558
3233
315
3113
2777
3227
898
3481
2817
3273
2912
192
1374
465
2488
950
2566
3321
1177
2360
1571
269
3001
2424
396
2166
2493
3248
3063
3096
3687
716
3432
1240
916
3514
527
3393
1954
1845
1357
554
78
3417
3906
2060
1281
1399
2215
1455
1065
14
1022
169
3423
39
2680
2145
2277
1648
381
1635
210
313
187
2773
2851
1628
241
1801
319
115
1172
320
1440
19
2980
2409
809
806
1467
3691
688
99
584
1138
1749
3047
3682
164
2206
3421
2745
3766
850
1372
2062
1873
2973
2618
346
2946
1848
479
208
3679
3303
238
774
1563
714
1962
1409
2481
1874
858
1910
2209
2783
629
3757
1773
1025
1917
955
3447
663
2792
3422
1565
1238
2293
1803
2782
2989
3307
1678
1384
193
2791
1121
365
2095
1410
2464
244
2923
2775
665
3788
2207
1087
1519
1755
1254
1167
1343
1319
3308
306
3798
3392
2131
1096
1577
2749
2513
2975
890
503
970
3816
1035
70
703
3821
3672
854
2784
2711
542
1951
1844
585
349
2682
931
339
1068
3446
884
1187
2494
2778
1289
636
2476
4
3631
581
1667
2167
2345
284
3388
3000
827
3314
254
1977
3027
3088
3144
1987
2304
3448
2384
2825
2704
1674
847
1913
2722
1064
3355
2140
2008
830
3623
2470
1669
1800
3209
3805
190
218
3830
3092
1229
240
2020
2346
3741
3759
2022
3377
3259
3706
1927
1100
3592
1643
1727
2798
277
1556
504
1916
3647
1819
45
2534
3431
3028
3350
595
2162
2338
2655
1564
3725
3806
1981
2972
820
3409
3339
71
2389
2218
1159
0
3893
3019
1885
1812
3472
1287
2401
2988
1736
571
3848
1342
2899
2761
1139
1888
1498
3076
3729
880
940
1472
3639
311
3037
1830
2509
373
3800
2316
2987
3460
949
3285
1935
1360
249
1451
3542
994
1849
1594
1504
2
1741
3819
17
1922
1542
1726
551
621
3382
3853
711
1222
2630
2934
3021
2263
310
1604
2273
695
1407
356
2813
3833
1208
3120
3796
2052
995
2904
1130
2369
1036
3669
1298
3410
1822
2485
2579
2005
722
3857
1093
1932
2948
46
2831
815
2760
2310
2958
2859
2955
3003
2113
1429
962
2036
3533
1195
260
363
3576
417
937
414
2693
832
2695
1514
2877
3616
2429
3148
1996
25
2581
1304
2957
1907
1751
2538
258
1378
54
868
494
2809
1338
2164
2858
439
593
3615
2991
888
1680
3782
1793
2734
2478
288
358
3507
550
2804
474
3386
2551
873
859
203
1299
2908
3864
982
100
2536
2961
2599
3131
3176
2719
3252
1560
1992
526
3083
3500
1640
1653
3587
2262
477
932
628
2867
917
2636
1334
2811
3226
2098
3149
413
3306
1088
546
3244
3274
353
3589
2763
3524
3293
410
1120
2404
1184
3216
2189
1459
2099
92
332
596
1181
2066
1066
233
460
348
1825
3197
1482
2289
837
1234
426
1076
1895
1547
2337
2174
2790
976
1152
1475
2933
1291
2045
59
1044
2278
3902
2726
2593
443
393
978
794
1041
1938
825
2947
480
1817
3054
48
1292
3374
2322
3070
2155
1421
1961
1227
3644
3010
510
2148
62
188
1507
2894
2142
3491
1405
1186
3761
1676
1763
1203
3517
3124
3645
3794
3505
1011
3681
3118
3072
1562
1484
3030
2586
2127
1862
3081
1693
972
2819
3071
532
869
3187
3523
2584
3332
1573
1625
594
1077
428
264
3590
3451
2054
57
2797
35
1487
3014
3343
3728
1301
2343
586
2736
3025
74
65
2462
893
2549
1013
2480
275
2720
1644
1533
2072
2013
570
791
3358
2654
3808
548
3351
1217
27
566
2766
1682
1909
2750
811
1898
1284
614
3754
2368
877
1968
3310
3012
1878
2002
3055
3370
828
3445
1929
2620
2358
860
2177
2795
824
1310
1210
2385
649
2466
2864
2097
1673
1175
3064
1212
2657
1468
3727
374
1925
673
735
2342
3649
2011
1791
1395
490
539
2183
2053
2914
234
2315
3271
3411
1786
462
271
3774
137
3777
1080
782
3048
122
2096
2608
1523
1686
619
1939
442
1182
2954
1201
1492
2472
971
3577
885
1001
556
2694
1903
757
1420
881
3586
3612
2863
382
1043
849
3394
977
1728
895
1548
3471
226
448
3563
3250
921
2123
2303
1383
3752
1584
1456
1842
2640
341
3881
47
1453
3357
229
2644
829
2554
2545
3496
405
620
973
180
3562
3043
130
1382
3385
3419
2828
2294
1685
173
3205
475
591
3325
778
2151
2063
1204
3717
2506
1765
446
2256
957
2788
736
3730
1049
1544
2371
1545
3879
3620
1366
1575
3398
1908
1607
729
1339
2540
2274
2619
31
1230
3240
2537
2741
335
1769
1706
3442
1365
2637
1256
731
3269
3381
2101
261
2077
367
2223
1946
2319
3799
3424
1426
1753
2468
2569
814
693
158
513
738
587
2610
623
200
2474
3572
1369
2083
3762
1108
2067
540
3383
1856
425
2779
318
915
3646
3619
1288
1012
1868
3375
1614
1654
821
739
179
172
3869
1502
785
3426
1274
3266
94
1480
3707
3413
3873
603
564
435
511
685
1766
2502
2846
1760
861
436
361
2348
2324
1893
2614
2029
958
3333
1750
3829
3909
879
2042
2944
1145
2833
1124
3802
2949
3852
489
2261
2849
2649
3695
202
2006
287
3454
82
3490
831
285
3263
2671
3465
2896
1211
3042
2560
3718
2204
186
2920
1810
2910
344
3018
671
1164
2307
3378
2744
3229
2467
3101
3916
959
3094
2800
1879
2546
1710
650
324
2717
3455
195
1070
3425
2705
740
2754
407
1877
2535
497
2785
694
2430
2570
598
3376
1684
2299
1454
1904
2075
2670
1784
171
1307
2443
2419
1387
3780
592
612
2929
642
3779
558
2966
698
3004
946
2272
508
1329
1116
1691
679
1947
1190
1348
2558
3278
2295
1767
951
1739
2588
1881
1798
1209
1759
1266
1859
2491
29
2149
2895
3859
998
943
2622
1163
2723
2084
430
2047
1473
3427
2372
2050
3520
3125
2872
1245
537
3477
2632
1768
1761
683
1442
1263
1267
1880
2270
221
990
1406
3648
746
3243
1202
1206
2333
36
3694
3458
1300
109
97
3537
3223
366
3257
3888
3400
3041
2390
2938
715
1516
2880
3887
2057
2282
2629
1901
2436
162
199
2530
1814
3146
1579
1489
3191
3473
3584
1695
2885
3053
289
3309
1258
851
574
1582
3903
418
1239
909
1221
1622
691
2068
1988
303
3020
2595
553
2231
1236
1097
1313
2150
1359
1104
114
734
196
3518
3011
743
2308
322
113
63
2837
2452
3202
1029
609
2701
101
1658
855
634
2594
660
2557
2561
3837
1010
1552
661
438
908
3031
2393
3044
599
378
1335
330
948
563
1179
3459
1970
291
3801
1272
263
3036
3624
910
1897
2598
3474
640
2395
3403
1265
3116
2747
1103
279
347
3660
411
2039
966
2616
2677
1107
2300
2446
1248
3368
1438
2762
545
953
1619
1193
1558
3032
2147
117
3200
2617
3349
515
3765
184
3748
266
1546
2707
2738
1432
2398
3345
2187
1861
119
1921
3494
914
1380
1110
954
2542
3753
3399
607
580
2525
3341
2213
2009
215
1123
2438
1510
1610
3549
583
1746
3897
1967
2318
3697
1853
3087
2016
2801
646
2543
144
1702
2737
1748
2173
926
1905
1924
2574
3311
120
3626
675
1398
3289
2830
2730
1718
1346
3711
2216
1891
562
369
2076
726
37
2796
2305
3680
2879
2498
2889
3772
1447
3082
3503
1928
3597
1073
2034
853
1857
2668
1646
2412
2516
2838
2518
2056
3838
1106
1026
333
3744
478
1923
1469
444
327
2203
2716
2698
588
2420
377
633
3743
871
3067
3886
1716
789
155
1692
93
3650
2109
541
1476
947
2789
1308
2844
1561
2541
2550
312
3348
1615
1672
2748
2134
3051
1131
1403
3006
1688
3177
2977
2520
1499
422
1758
2129
2362
1998
2589
3313
836
152
1629
1220
3776
2905
415
816
3254
1931
3885
506
3093
3856
944
2983
282
669
216
3556
2752
395
2253
2350
2764
2382
991
1081
2001
2190
1781
1268
2615
1352
3499
528
2028
1583
3883
108
1531
1551
1990
3865
3561
752
770
3433
618
1271
2781
1090
1379
808
2132
3208
3516
561
471
380
2660
1046
2449
1554
445
1649
1323
2471
1926
1465
3099
1600
2686
2992
1887
2431
1775
2727
705
3356
147
3034
3677
3045
1789
3171
2260
3866
727
2156
154
1899
2690
3578
3569
3338
2161
3878
704
1069
2700
1354
1884
3781
224
1250
2951
75
2724
1641
1697
1969
3763
3405
952
2038
3550
925
1612
3663
314
1309
3480
3156
1285
575
2259
1950
182
20
392
514
3009
2591
1115
3258
2585
3089
2927
127
3267
2356
403
1960
2361
3369
1835
674
2482
902
170
2767
2153
1496
689
2455
2875
1198
2279
3541
2386
2514
1270
2234
3599
2529
2769
3666
2015
1602
2199
2432
1659
499
334
3531
2418
3817
1042
1075
2669
3324
1711
1018
1621
3641
3705
1811
2090
2565
1503
2442
34
1522
1259
1089
1574
3636
2125
522
2026
2427
1411
189
3827
2325
2137
3840
2621
3913
424
2818
1776
3365
124
3342
680
2136
3104
826
1813
1964
667
3911
3060
87
2843
1597
3892
536
749
3277
1721
491
80
1047
1826
3540
1608
140
3184
2710
1570
1524
421
359
1647
945
1441
1034
2329
2071
1157
3764
1827
2822
2974
3487
2634
2721
576
2087
290
496
839
159
1966
1541
3207
2335
2265
2425
2284
3134
1984
412
1525
151
95
2625
1260
142
1840
805
2171
1601
2497
1058
3165
2269
1557
3188
3318
3105
274
2144
3234
1986
3843
174
3822
252
3807
1147
763
1117
1936
796
3061
416
1396
2675
707
2102
3119
1039
999
2014
3814
3074
6
2892
2041
989
3245
217
1714
2993
123
3792
920
2115
2960
2765
1246
3328
1295
1632
44
2107
69
3555
1756
578
3359
299
1596
3440
3457
1491
1634
15
1247
1278
713
1493
1005
1126
2772
2970
3304
1462
1505
1449
572
5
3662
1630
2868
3747
2651
2915
3654
1415
22
730
3255
2963
1920
2519
1137
2312
2713
2381
919
3573
2582
86
1559
1513
1689
1008
1166
3122
1668
1836
1995
1762
1529
1140
521
2691
1809
2893
856
2839
3701
1071
1249
2157
3106
3109
2268
1757
2477
389
1824
1627
2664
2489
2697
296
1802
2463
635
150
1578
904
3178
371
3389
2119
529
1526
3826
3580
2004
1173
3734
560
1358
1294
3264
3638
102
2650
3583
1394
168
3326
965
833
2435
1142
2120
26
427
1197
2832
1241
2776
864
1085
1119
2179
2192
644
1623
813
872
293
153
1072
3462
3608
397
1963
357
3689
1306
2590
1052
2578
1900
1515
1521
2163
388
3789
1982
3049
3002
3702
2133
156
1586
3297
1461
3181
3832
1863
3726
1393
1883
1838
2483
3201
1509
1463
3670
1679
3884
3452
2913
2433
670
2079
768
1362
2243
1446
758
452
2018
1269
3872
737
1639
3510
2815
2740
875
3478
1023
3022
2940
3132
1171
2276
1350
1745
2441
3387
2184
3876
2135
2212
3515
61
3396
2712
383
3182
1425
379
817
3547
464
3130
1478
2855
2439
3450
355
608
3301
337
547
891
2012
1006
3811
1896
1576
1670
3898
1114
1057
368
2081
2110
1742
2504
1344
3723
573
3570
3435
892
1251
3511
1430
3905
2771
2246
724
2943
3026
3371
3347
2479
2387
3073
2236
538
1419
641
2301
3008
2731
838
3513
451
2672
1705
3521
1262
1906
1536
3899
2180
2715
1340
2252
3768
1919
2511
2572
2708
135
1151
3185
2862
1094
601
1332
664
3179
1009
906
55
1021
121
2094
3506
3642
568
2417
2917
338
1660
2037
2702
773
2984
1585
3667
3412
3138
1316
1656
622
3366
3854
2886
3057
3108
450
2648
73
3492
2283
1242
1264
3286
535
1427
8
2458
81
3543
2447
53
1580
1337
843
1033
402
3627
2185
1846
1448
1666
840
40
1971
3546
321
1799
3535
3668
1869
3750
1752
3534
1598
1743
632
2193
3290
3640
3090
1413
96
3713
2200
1712
2114
2527
3086
1882
3100
2152
205
1135
2130
2421
530
3299
459
719
2363
1231
2627
2878
615
3211
2245
3449
762
3683
803
1192
2229
662
3850
1060
2396
720
3493
3317
857
3665
928
2309
470
3262
423
1956
3336
1474
3475
1326
2735
276
1255
1631
2531
1215
930
2176
748
1942
1276
329
3189
501
3075
2508
1872
481
1978
938
3908
3154
761
1048
1155
2667
677
408
866
2428
336
3390
302
2689
1713
1084
2841
1032
1390
1174
3292
712
2626
1490
2311
1831
404
1805
3861
1957
1194
12
1282
701
3566
1511
1030
2922
128
1450
2501
394
3300
3847
912
1466
2459
3150
2687
1820
3652
2178
3851
3256
2104
2547
2597
2281
2027
756
2662
1617
3172
2296
1154
340
2808
1388
3769
2850
2794
2092
3476
139
255
3373
2503
1418
611
2158
3657
3841
1707
1286
3298
3825
2354
3618
2403
1162
848
2706
485
3114
1098
3910
3771
2146
1183
2103
3810
2865
419
134
129
1233
1020
2437
775
1320
52
3664
2576
2517
845
2227
2344
3237
43
3145
3530
463
800
1795
2902
936
2240
2768
1275
1091
2465
2602
3678
2373
2605
175
2359
2228
3479
2105
1994
1216
1161
2852
72
2165
1989
3415
1889
1321
1983
3079
3659
3046
3610
2925
1633
1538
3675
764
3536
1143
790
552
1373
804
1550
605
42
1732
676
2440
1527
3312
432
846
2888
2756
2195
2248
2567
2793
3655
2848
1205
577
1972
1508
557
3203
1807
960
3329
3461
3895
604
1199
600
2117
643
2647
