3001
1676
30
1996
2361
3767
3054
3067
168
804
1011
3099
3041
1067
2830
2564
3168
568
1375
2693
3902
2051
3123
1299
3173
1300
2429
1998
3639
74
1088
2046
45
2299
886
2553
3700
312
863
673
2346
1337
3237
1320
993
3772
729
3299
1127
2099
1035
1118
1357
1185
203
1799
120
1788
2650
2222
606
1116
3209
850
3846
1520
2286
1577
3241
3066
2859
1382
2456
170
1013
2241
713
610
1553
2699
1729
2007
1326
2332
1894
579
1775
3672
2676
670
3643
2741
3779
2550
591
741
811
3005
270
2512
1658
1522
3452
1918
1758
2330
1283
3012
1980
2162
1671
2649
3786
249
1427
3026
861
709
1727
1005
2652
1070
2181
3652
3656
3887
2206
3785
2394
1363
3063
1383
2298
333
2067
2039
3227
3660
3774
3272
357
2814
182
906
2884
936
317
1369
1927
1674
3477
2551
3022
3798
3699
3094
477
2515
1813
3405
3814
2623
3147
2202
844
419
3428
1649
654
1008
1262
1432
3586
1445
175
3115
3676
2258
3489
2961
3258
144
2820
3236
1830
2511
3413
3372
2020
3040
2976
3813
602
1768
2363
2526
858
1477
1617
843
3675
1428
362
661
2765
809
3325
881
1647
3624
2769
2971
3580
3478
2102
328
3051
1693
2902
2678
989
1791
1858
835
776
3185
2893
429
3043
700
148
1366
300
2287
2304
2714
1215
2354
318
1058
3021
2278
1236
3357
3670
3566
542
1175
68
2750
1639
2333
286
954
2135
2614
2418
256
1669
1880
2421
1532
3077
2475
2106
570
1148
3280
3491
341
3
3458
3640
271
627
3657
2399
2252
2798
1725
2018
1134
1467
2001
1038
2653
128
2909
1294
3382
2145
2570
617
1741
1295
2153
458
2946
1516
2737
2854
1923
2952
3082
279
2792
3526
2212
3803
2732
2423
3136
2087
25
1430
23
1562
1543
252
2107
737
2404
1424
1303
2844
1563
1992
2628
1141
2655
2575
2457
3391
1316
3463
2367
3257
541
2824
910
3876
891
1324
2487
2172
1533
292
808
1433
86
159
2290
210
640
3098
1836
2274
2392
1268
1240
2611
1409
1464
3781
2846
71
3748
1390
941
1700
1874
3867
95
3522
3378
3309
1126
3371
2092
3186
390
2783
3242
1105
1837
972
3569
2326
3873
3348
3248
478
1114
1986
2643
658
1385
1978
3260
574
1310
3321
3213
1082
1201
6
2495
1784
1217
447
143
2480
1358
1542
2137
31
2983
1504
1039
351
1271
3033
3659
525
2758
1453
2044
392
54
3592
766
2689
2728
3621
2518
3204
1356
331
1993
698
3069
1017
1042
2331
1780
2768
1021
2163
281
3218
868
2600
1156
2533
3495
3028
923
1087
847
3815
527
1734
2413
948
1561
195
383
877
3883
1278
2619
64
1637
1752
145
769
3314
3281
139
1216
3839
507
2071
3691
2815
151
104
2535
3761
48
1803
3317
3729
1436
2053
3298
2023
3749
2293
428
1678
2486
2262
2342
3838
460
2336
716
2784
2472
690
1296
665
1650
1942
2831
822
2063
578
1066
1235
275
2618
422
3308
1274
3471
2538
3057
424
3597
684
3529
3029
1549
3848
3796
3450
929
3288
3038
3689
69
353
2941
1811
3157
3464
396
1612
1194
722
966
284
3343
1218
3533
567
3548
2403
76
2586
2588
1613
1322
3310
962
731
1656
1248
3160
1061
2496
1512
3850
3135
1869
2857
3903
1703
109
1691
3833
679
3061
2265
1900
1891
3174
1919
1913
2656
582
1842
3286
375
3424
1190
382
551
297
2880
2660
1530
1826
2494
888
3881
16
3291
340
1718
2721
3027
1579
2729
1699
3601
1007
431
3225
2711
1540
938
790
98
3334
2967
2594
2962
3366
2514
356
1567
1411
1740
725
3167
1732
3101
2216
471
1272
1396
2790
854
2080
3031
902
2995
2658
1452
2546
1207
2116
2111
2755
1814
1405
3287
1521
416
2598
1852
2045
3328
2086
3897
3177
1230
202
2113
1607
1001
3696
576
1724
2158
2645
2998
2040
1890
3437
2717
1685
3096
3485
2599
1587
1602
3176
3090
3776
265
2375
1615
575
1417
201
1359
2070
1967
953
1471
674
1585
1327
2601
260
901
2371
3271
172
2925
1737
2155
3327
2825
2379
2380
2739
247
3811
2104
1926
545
3905
1140
200
3534
3720
3056
499
2120
2838
2198
3585
2878
2209
2245
3487
3184
1545
405
1108
1502
397
2058
158
2072
3520
2204
517
2459
316
1544
2524
1845
2175
183
3562
3004
3620
420
2687
994
2908
3158
57
926
3819
3623
2901
3336
2499
105
1560
3686
482
907
1466
1132
2221
1746
2713
1665
3104
3142
2684
3768
3571
3519
453
2214
2924
1990
3683
181
393
2827
3311
3692
186
3661
2624
1825
2091
1881
1423
1829
3687
1623
2930
102
88
2975
2949
461
3134
1939
1749
508
2994
1159
1304
498
2597
820
263
1797
2771
2464
2509
3773
1849
1564
3048
2956
636
2150
3499
633
1158
3384
472
2561
1586
1120
3073
1764
677
3030
2364
55
3613
1709
2864
2412
2746
3868
2253
1960
2666
3596
2124
1343
41
56
1178
3889
3137
3760
2248
475
343
3807
2065
463
2140
2667
2059
1888
1808
376
1094
1046
635
2751
2852
3775
832
1407
1068
3042
1336
3697
2112
136
2957
501
2940
2008
483
3205
770
58
1717
752
2317
757
212
2989
3014
1266
2449
667
1805
546
2188
3575
2663
940
379
2579
3003
2128
2343
2146
2173
3805
3565
1123
2534
70
3377
3108
468
1338
2125
152
730
1246
2612
3824
234
1971
849
332
1558
176
122
3582
3216
295
1161
1933
3799
3532
1252
1689
3732
1241
2904
411
839
2485
1863
1018
596
217
3777
537
3432
1071
19
1257
963
1149
1677
3418
934
2240
2451
3385
3530
3844
1569
3163
2644
1554
404
2541
866
3856
2595
308
1022
2340
2460
1929
448
3589
960
293
1292
2705
1269
1391
846
2507
434
1887
717
1458
450
2516
266
3036
3438
1648
1197
1670
2851
3682
1402
449
1128
935
2356
778
548
689
2029
2898
2244
3896
1121
2224
648
166
803
2318
3183
100
2552
2906
2338
1463
2157
1029
2578
1033
77
1706
620
543
209
1621
1792
1710
3486
3671
3315
3514
2887
705
3619
3278
1708
2531
1907
13
3650
1914
3203
2085
975
692
3870
2840
1840
1904
427
3742
3421
65
2249
3219
1340
156
269
1172
3143
2913
2005
3011
3129
3247
1234
2066
1711
2477
1714
224
2411
354
1995
2839
2186
1994
3381
2806
1762
1097
1157
909
198
2382
196
2084
1979
1719
2012
1095
1137
398
2388
1976
2802
701
3316
280
3303
2881
865
2239
3133
3395
191
3886
2810
3736
3373
62
417
3726
456
2314
304
2897
916
2
758
622
3637
1965
2178
927
1694
3402
2698
2934
221
1988
2230
3857
2871
2694
712
2861
1130
1796
415
3294
2622
1925
1828
1311
1580
3771
3304
862
1827
1486
2444
1642
1707
3834
2373
1098
1605
715
3251
995
3228
3079
2405
615
2965
307
2081
1286
894
711
470
775
2484
2284
2734
1982
2374
138
1761
646
1228
1619
2686
51
3662
638
1686
3049
3724
885
2642
3855
3679
2167
2596
2014
3439
3808
2387
3425
1456
92
3750
2773
3853
2647
2521
3604
2764
1959
2759
2187
1325
3254
2745
2530
2566
1702
2147
1100
1756
3016
3461
500
2227
601
2390
3465
3622
2819
2978
539
509
189
504
495
1380
1081
1101
3361
1868
1911
1397
1931
831
372
439
3664
599
3535
3866
914
707
1370
1180
3795
3114
586
1975
1381
1763
2285
315
2344
490
3154
3086
2133
363
3653
67
3058
244
1024
2865
590
238
2842
2280
3178
455
3289
641
2816
773
3453
3502
2184
1872
1051
2982
2295
3211
2537
3888
3845
3290
794
1851
3829
3408
2528
818
1641
2557
2110
1748
232
1470
2716
89
2735
2654
3611
827
556
206
1288
96
1049
796
3406
2916
3800
892
529
384
1524
2577
3764
3904
2283
3704
3240
727
2888
2651
339
2708
619
3169
1414
3669
2419
344
1898
2646
946
1064
3695
1056
1513
33
1517
298
2662
1315
3702
1053
1991
1800
2013
3091
101
465
3890
609
882
565
90
1010
1574
1672
3398
2640
487
2402
63
1953
1364
1050
1115
1289
760
763
2489
2101
1690
2558
2347
655
3851
3490
1255
2671
3681
1243
231
3200
3523
2862
3034
1163
3544
1043
17
2416
3035
2927
1229
3626
235
3778
2681
1769
3423
1211
2576
3759
530
702
445
1451
1399
2767
2430
896
869
2482
1438
2896
3152
3409
3738
3349
3392
22
1526
3411
751
1379
2431
772
2088
2761
1250
3497
1668
3053
3445
637
2069
358
1620
1713
3044
2271
2360
3788
165
1378
3252
3914
1518
2569
828
1447
1083
1704
2090
1119
1895
3734
3441
3713
433
2793
330
726
905
121
742
1044
2607
2306
3757
898
273
672
572
3331
1739
1493
3854
3832
1662
2718
2462
2610
3390
657
2821
4
837
580
319
3150
321
1920
1733
2200
3758
1523
2289
889
3649
2237
2386
3015
1455
1848
584
3631
513
2455
1403
3363
1985
3122
3201
2760
2033
2892
2808
821
3636
872
287
2250
451
2731
2914
1406
2256
2225
2585
1847
2895
2056
117
634
364
842
2138
2986
2948
1368
593
2867
1582
3078
2491
2369
3024
2376
1559
1807
1306
1876
3501
1759
1538
3276
2805
327
1766
781
2620
630
3182
2393
272
2823
2990
141
1465
824
3782
2988
1949
2297
816
2417
703
1041
3386
3752
2442
3503
1491
2972
1581
2471
326
1790
53
464
2879
3097
1866
3387
3755
2098
3231
1883
1640
2119
1652
133
2064
793
2211
1353
432
1527
3092
2238
1328
981
3344
3120
2325
883
3047
1419
2527
2490
871
2223
2358
1570
3270
2874
2473
2943
1571
2164
1362
3259
2715
2454
708
205
1735
3821
3568
3369
1745
268
2246
987
2408
2781
1472
1697
2505
908
1610
973
2753
1135
964
1973
2415
9
777
2131
3368
3605
2337
1878
1333
15
492
1597
1660
965
3226
474
656
3221
3050
36
2606
1528
2448
1167
1606
3132
3243
1275
2300
3861
2352
2786
982
761
1012
310
1287
992
149
3206
1169
2744
441
83
3506
1966
792
3250
3737
1972
2218
1754
1638
108
1281
147
2130
185
1865
142
1454
2372
864
1635
188
1102
1576
1552
502
161
683
2036
3878
85
2999
3340
696
3379
1603
3638
3230
2255
329
1498
1844
3481
1293
1165
1541
805
2915
779
3338
3285
1712
931
87
979
254
1838
2812
1547
675
3339
39
3722
1760
2873
3836
3715
589
2543
3217
798
3504
2114
3165
2142
1410
3118
8
2309
1936
1000
3480
3780
242
1705
3745
3511
3494
3470
2508
2719
2921
3628
3830
2572
1332
1361
497
1903
3435
3864
374
2613
2969
3376
3403
2436
2657
1231
1393
2813
2749
612
2637
1955
3728
1109
3208
1329
3648
3170
80
2554
233
3397
2985
3874
1879
2010
3131
1494
2587
1401
309
322
3542
2774
112
2766
2700
1251
3089
378
3576
1841
2234
2055
3711
3324
890
3893
1550
3199
3190
2441
1618
219
3590
632
594
2215
603
216
983
360
1794
1537
649
2302
2608
2926
577
2707
2171
262
3909
3598
3128
2281
2000
3716
1373
3302
1319
2885
277
50
971
1947
1354
2197
1297
1443
538
1469
3119
361
134
403
3858
2932
3149
1089
3359
795
3307
1673
3100
303
1429
2060
2510
2917
3360
1372
2683
3389
2123
791
2324
834
301
1897
3164
515
998
930
771
3045
2630
1426
3556
801
1875
1196
1819
2804
3263
3492
1503
2458
267
3273
132
3396
2192
257
1726
2335
3075
452
467
283
2410
1335
1835
2305
3539
3275
2439
621
278
3172
3554
2639
653
3472
1199
1245
1174
1889
2328
3882
38
241
512
3356
1344
1667
78
3355
925
1820
3210
3627
1490
1850
3725
1818
1057
3877
3451
3155
2156
1301
969
3900
774
3127
1279
1473
1124
1285
476
1179
2584
338
810
2947
7
2912
3647
2362
2022
1882
3193
2277
1909
915
2690
2591
1113
1339
3474
2334
337
3595
1265
3180
1256
2242
3584
1507
1418
939
2858
1026
1305
3693
1063
848
171
442
3710
829
466
3694
3826
2353
3629
2176
3615
1583
1
3913
1510
949
3002
1753
410
1815
2754
3610
3828
2355
950
1723
1182
1626
1323
2231
3358
521
1345
1474
1696
2797
753
3823
1037
1258
230
1515
3440
1684
1921
1059
3426
3462
645
519
3268
557
1546
1028
2710
3899
2539
2308
2692
2422
3326
1556
160
1946
1431
3763
1588
1643
2747
2788
118
952
2829
2633
1004
1191
1777
2220
3483
510
2933
3665
3295
749
3265
1906
3744
913
3563
1877
1750
1948
2778
1444
3817
2261
3126
3419
1506
1721
389
3364
1069
3448
1259
1821
1609
3810
1092
2447
1860
3667
2182
126
2796
571
2016
1122
3712
1793
2469
2704
2563
1164
2260
3754
2366
549
1308
2467
2832
710
3678
2500
841
2327
2743
516
150
2311
2079
43
1743
1511
1653
2555
3088
2807
2703
3558
3159
1767
2801
1631
631
1896
3234
3688
786
767
400
2674
1394
3793
3603
1084
3261
2968
3577
1489
2568
3191
1659
911
2349
3608
3641
1899
662
2061
1350
2960
840
652
2964
3528
336
34
1901
2822
2228
2931
985
706
2170
2108
3162
1952
2031
1023
659
110
2923
1730
3812
2583
806
3841
2365
1997
2348
2269
3238
3447
2981
629
2420
276
213
373
3493
583
1413
131
505
261
3427
348
924
2532
2738
618
3341
2042
833
3907
21
514
968
735
345
1006
2752
681
3068
3443
800
1422
496
3354
764
2770
2115
3367
2191
386
2882
3593
2493
1916
401
2582
2701
489
3283
1645
421
2152
2370
2159
2103
2466
1273
1110
2105
2233
2009
2680
2378
163
3116
3723
2795
928
2817
592
1492
3820
783
611
1655
243
3674
1806
3513
1461
2151
1093
1377
1751
2177
3673
921
3633
3479
2004
750
425
2307
1861
1367
3151
2609
3105
2863
1622
2789
1519
1938
957
2165
693
2074
961
1508
3215
127
2077
3790
26
1079
1782
3789
813
2210
3414
246
836
553
2189
1476
3740
1924
1313
302
1425
2052
1047
111
540
3087
1075
1334
2024
52
997
3065
2592
190
876
3342
3496
875
860
1604
346
719
314
3730
3055
1015
222
3579
1170
296
208
2275
3835
802
3567
2664
347
0
744
2939
3296
3196
3009
2313
1839
3916
3161
1867
2236
1442
3842
3743
904
2291
2254
956
643
851
2078
1765
2685
1675
2428
3701
2727
1420
1239
2481
3545
685
2194
1002
2779
1598
3587
3616
3113
3353
107
1600
99
1824
2257
162
75
2841
3246
1210
616
1374
3468
1085
1408
454
1176
3591
3645
1485
368
2389
714
878
1090
2229
2461
1681
3792
2695
3783
211
2910
695
2032
1755
2446
2803
436
229
1162
625
3466
3017
3721
1449
922
3473
365
2682
371
27
1950
3680
1944
259
2672
1468
440
1219
1253
3787
2869
3171
1987
2712
334
2545
2762
3095
1388
613
2179
980
2034
2580
1624
3102
1632
2161
3898
738
857
3574
988
1822
2523
1355
1654
900
3892
855
1398
1572
3906
395
251
3130
2048
2763
1106
381
1915
1682
2991
595
1539
349
1214
2826
3555
3849
2345
815
1501
3329
2503
2800
1633
3313
3323
807
2560
237
407
299
3093
3559
1139
733
694
1009
990
3607
2407
2659
24
320
220
3192
248
1864
676
1928
1787
3561
2168
2450
789
1168
3797
1376
103
2132
1854
3521
755
1307
1873
826
1244
154
1400
2129
3156
1150
2542
1529
605
3301
1974
1592
2853
942
1143
3818
1062
2668
3330
1441
585
2350
215
3350
3112
2015
718
3322
1922
1731
1145
2003
1657
1834
1910
3663
123
547
1757
1701
2756
226
2919
884
3825
3654
873
2900
236
3345
933
1812
3594
1184
3103
1475
1608
3801
313
462
2019
2154
569
2673
153
3239
2785
2723
3827
3891
228
12
2866
1611
3765
3279
1412
2918
2833
113
1104
2677
3862
1857
1192
3037
932
3612
1934
1166
1963
1695
1030
2970
1594
1932
1930
366
2529
3181
2996
955
2267
2549
1048
651
2536
3401
1348
3111
485
3859
797
2889
3588
1177
2195
787
720
3546
2247
1692
3707
2479
743
642
14
218
1312
3264
1912
2094
1073
1261
2974
1885
3537
225
3394
3549
2696
959
1321
3753
1138
3609
1125
996
413
3337
194
554
3412
1448
1589
3488
350
1601
3375
544
2259
2632
3032
197
1646
285
2478
785
1171
2665
1205
2027
1457
1188
2787
3894
3370
1785
1846
1282
3297
2938
2488
3388
1314
3232
1260
3550
1779
3456
1146
739
3433
917
986
1462
294
3410
2525
3837
3146
3305
1212
2736
919
780
3525
2075
2845
1080
3454
2035
2520
604
3706
481
3140
2425
814
2955
1651
2942
430
1786
20
1435
2697
2028
2409
2082
1450
2276
3269
870
2217
178
306
2907
3806
867
369
81
1644
552
1346
2282
3019
3144
3606
852
2589
2323
3195
3198
2279
3025
903
1478
3719
3121
240
991
1679
2329
2725
3347
1961
2850
2443
480
2724
1999
2047
1958
1843
1096
1698
1593
1153
680
1859
732
214
1365
1484
1347
2935
2068
3915
3306
2235
274
3733
3212
2777
1221
3267
2089
3249
845
305
784
342
2207
2894
1534
3145
1133
3352
3553
3570
1330
1052
2268
290
2722
970
3233
3735
2987
1509
1040
2143
2037
3052
459
2174
2920
3646
1937
1856
682
3802
3727
3084
937
1584
239
2593
115
1884
3256
443
2076
1142
2385
2062
1479
1152
697
1774
1309
137
853
3085
258
2315
359
3229
3746
1551
2322
1155
2118
2468
3059
3292
628
1853
3020
29
60
3064
1776
2726
3583
943
2303
46
2954
3197
1270
3253
2945
1181
1232
1870
245
494
600
2292
164
1804
18
2627
3573
2312
3630
2190
1204
3703
912
3422
1065
324
114
2437
1954
1770
3374
3153
1630
639
2368
3449
119
291
1747
2670
2083
370
2026
3080
598
944
762
146
2629
2890
1226
437
526
192
2849
2984
2320
288
289
1331
2959
93
1902
394
1202
2876
10
1103
3869
2980
2452
250
3148
607
1129
3457
3245
3207
3552
1107
2180
1566
484
3578
2301
1186
2834
2782
2709
253
207
3436
3508
2041
140
1917
223
1736
1360
1233
2631
409
1487
1823
2474
1687
1016
3430
2057
1482
3393
2502
3124
2357
531
1771
2166
3804
2401
406
3399
1940
2848
899
2160
1220
204
1421
2483
3747
1892
2445
2958
1060
2434
1663
2506
3614
1225
1440
385
2877
255
3572
2856
3531
1072
3741
3266
2096
1267
1276
1715
2504
1627
3517
493
2201
2117
563
1573
3220
1209
2997
1395
2740
2296
2213
352
3107
1227
129
3194
2688
2730
2025
1969
2030
1531
367
155
1496
35
3074
3644
1555
3400
2183
1789
1277
1505
2377
2219
3770
2243
1302
2006
2122
1614
3666
724
503
3141
3429
3871
325
678
1076
3518
2463
1099
3524
438
550
3536
2522
534
895
1078
2232
1131
3895
435
2602
2453
3560
1636
187
3860
3081
1716
1074
782
533
1224
124
37
1977
2928
624
1778
1027
2517
2017
1238
2748
1460
3599
560
644
2621
3188
2438
11
3751
747
2847
227
1020
3335
597
3901
3541
377
94
520
3319
1415
1045
2203
721
3884
2950
2148
3708
1036
1200
106
1908
3262
518
2424
2121
666
2384
3714
3505
2973
1810
2799
3333
82
2675
2251
2776
918
669
2836
978
2772
3235
2097
3125
2603
2193
3484
736
169
3880
3255
3852
2636
180
3538
3431
2870
1193
1206
2963
3581
2127
2440
1488
1629
1957
2169
3685
3625
559
2519
3840
1981
647
1905
920
562
73
2872
2953
3318
2661
426
1183
1483
2381
1817
3847
3224
3417
179
444
3179
1742
2043
3698
2679
746
135
958
879
626
740
2843
3109
3139
2818
2433
2883
1634
3784
819
2432
2395
2733
418
402
2134
1683
3718
1783
788
830
79
2497
2899
1055
1688
3351
3885
1317
193
984
3189
479
2141
2605
947
355
1499
825
2886
3709
1223
2359
765
84
1086
3717
3459
2093
3300
2565
1956
2875
2929
704
2513
3618
1738
3498
812
3507
3383
977
3404
2720
1500
976
748
1198
2050
2868
2126
1144
1728
2476
3677
2049
486
391
1349
72
3756
1160
1077
1591
28
1222
1434
3083
423
1816
1831
2544
2977
1352
2492
1112
2922
3467
1459
1680
3762
2341
2319
3769
2144
2264
536
2435
1054
1290
