1159
1095
1258
320
1534
1958
1458
3893
326
847
2966
773
149
2742
3581
609
3771
658
278
2733
3064
491
655
1321
284
5
1157
3065
684
2470
2228
2096
2719
1917
831
3245
3584
1804
2373
3457
3573
3176
1437
761
1919
533
2537
3098
1162
123
3843
2005
1011
682
3004
3424
2684
19
3865
3622
2978
366
2790
3130
569
3775
161
95
1365
910
2052
2355
1669
2988
3642
2524
3113
2098
214
1848
157
1193
2951
1208
3375
2453
2078
41
3369
3019
301
251
3514
2242
598
353
2320
730
1615
1055
10
2430
1611
998
2214
1392
1828
323
3557
3257
3820
113
2294
2319
1294
3887
559
1426
1600
3050
1664
767
1766
29
183
3188
3516
1581
3058
18
886
2316
693
1345
1376
495
1743
2253
2569
2029
999
2796
1215
1796
3206
1532
3625
1422
725
1250
207
3010
3872
3889
726
1903
3726
1461
2261
1153
2825
1420
2082
543
2162
608
2397
3862
962
561
3589
3623
3690
2227
3757
3706
2539
2163
2624
2777
3495
997
233
2771
2765
619
2445
2217
2802
975
1920
176
3849
2533
595
1054
1950
963
2750
2876
3582
3730
3689
2572
300
2210
2112
1855
3146
1657
2697
3189
92
1079
853
2306
977
2077
1570
2274
3472
2207
2819
375
1107
877
3396
660
2424
1059
3490
2688
3326
2415
1874
1771
3760
3897
410
3692
2655
2964
1239
134
3077
3838
2740
1714
2146
3875
3418
244
1177
938
2648
3896
192
2516
1366
1806
3037
3555
3400
885
3696
2522
544
1921
659
747
1753
1784
2736
549
1163
484
695
3213
1716
649
2667
2164
3099
1355
450
2800
2148
159
1380
3383
1113
3500
1452
3635
2041
1897
2205
1211
1658
1147
3481
3268
1956
3792
1884
3231
640
3574
2906
3136
1464
2718
2856
1499
1785
2423
2500
1989
1118
2066
135
1169
3474
1644
2357
3709
3355
2290
3057
453
3758
1273
428
475
1592
626
676
3661
770
3111
764
2000
3877
3321
2756
1582
117
2409
2815
2351
1293
1480
3891
1497
107
3106
888
2200
1309
466
1363
1681
768
937
164
1116
1175
1411
1042
2817
3676
2393
2213
3044
2712
638
2018
2812
1098
3276
1490
1708
3631
381
2905
2806
689
1274
1172
2283
1687
1207
1676
3818
1838
2042
3731
2791
536
2911
2676
2113
1963
637
1075
2982
2365
2698
705
3261
2379
2646
133
2521
403
1814
187
1031
3237
1269
2137
2664
1288
562
3734
45
3084
1987
319
835
2064
816
1148
1032
2932
2369
2570
3795
3831
3244
2147
3438
1007
389
402
1967
1616
222
425
3021
3874
3071
3693
2070
3309
2143
3426
623
3867
766
787
944
52
1913
1133
892
2706
753
3110
3530
3659
1846
2482
1617
3600
2145
1486
1938
2080
2122
2153
73
2768
3076
3828
1685
406
3776
898
2008
1774
2711
1549
2033
1473
809
3742
3409
530
1305
3708
3858
1574
1209
1680
3087
2862
3463
1263
3860
1339
3554
1166
2797
1641
953
2882
1915
282
3265
209
3203
3761
2056
3473
3687
1384
188
2917
2193
2095
2250
2297
79
2478
3150
459
3679
3279
1367
167
3787
3572
1409
1092
521
3836
1013
3484
1829
1639
1138
546
1957
3060
1947
3241
1788
1165
1742
1318
2201
1583
611
3819
941
2184
3609
1109
1737
1607
2926
2649
169
810
3422
2104
3812
749
2743
3773
2089
557
3543
2431
2983
2279
3866
411
2783
2114
844
2735
2891
860
3226
2901
571
1501
3645
709
3604
1620
2061
2915
1492
1558
3496
590
469
746
1082
1834
516
1313
2708
2454
3666
3423
3596
1455
1756
503
1415
2285
3723
1631
424
2954
906
3515
3032
479
1281
585
1197
2840
2721
1528
3790
639
837
2176
3336
3204
1878
3251
3174
935
1894
1822
3677
340
500
55
848
2194
2390
2786
1242
3902
982
3420
1298
443
3813
3102
3236
1865
155
321
358
464
2372
2419
2212
1551
2755
1022
156
417
90
360
1577
368
163
1151
3905
1341
1768
1751
921
2182
751
652
513
201
3722
1418
3435
347
1004
1547
1965
901
1112
838
2435
2953
2059
3039
1823
3547
383
463
825
186
444
2638
866
739
1009
3225
2335
949
3489
1736
1548
2489
290
1837
1397
58
68
1170
1540
3197
2013
3158
3913
1238
1622
1317
3566
312
3178
667
568
2359
842
440
71
3273
1264
3532
1231
2264
3651
3379
1718
580
814
235
3593
2350
125
1992
2402
1068
1108
1442
2400
960
1130
2895
1864
1471
3398
1678
939
3705
1184
448
2255
3404
830
3898
2568
1280
1839
802
2
3453
81
1421
1668
1396
1696
66
3393
3242
2804
1519
817
1535
1573
2499
2236
3370
1398
2933
3456
1475
1952
3128
882
1996
3063
413
733
3389
946
386
2074
2491
2808
1690
1248
1853
420
2311
3890
3700
1401
785
1893
974
2380
3382
11
3338
1667
2634
683
137
1844
2640
991
2105
3857
3577
1538
1521
1182
577
3853
2620
1761
3347
472
3785
3395
1683
3575
3743
1338
1513
1262
1096
3448
3223
3480
3228
2308
1559
3017
35
798
1103
1860
189
1907
2623
995
3451
1033
2886
3777
3289
2877
3267
84
3108
3278
166
856
3436
2625
3335
197
146
1144
391
2149
2211
3738
2381
1779
1638
3809
776
1334
1121
3104
2674
1902
3293
2159
1997
2717
2726
3159
3175
2653
1047
2477
2794
948
526
1390
298
3558
310
1517
3083
2879
2012
1628
1863
2727
3497
509
103
3655
3431
1223
2546
3022
2030
3492
1240
2175
1730
2530
2548
1416
2221
61
277
1131
3840
2549
2313
3729
2465
2803
1481
2728
1880
1430
2338
2702
755
2900
3486
2632
3253
3147
2195
419
3284
1134
3786
3430
335
2979
2678
2276
3196
3601
3105
1710
3524
610
43
1474
3186
3702
3816
3715
2289
1462
1801
3215
3459
1407
1949
2505
2479
2187
2554
1194
1944
2928
3415
2364
3252
1065
1594
2916
3154
3732
2996
1311
2764
2161
934
587
2093
2262
387
82
3587
1006
1247
49
3270
759
3282
3612
854
2527
3748
1715
3340
3033
646
468
1821
2389
1985
2079
1991
3590
87
663
2947
1049
2177
1995
2327
2324
322
1564
2724
1765
151
3544
2139
1889
3107
2055
1503
327
3449
2949
777
905
3328
3686
1448
2948
1310
2696
1449
1861
3403
954
1495
467
850
3859
3198
3187
1936
2054
1324
2614
2448
72
743
612
494
351
3298
2775
890
1127
2222
573
3151
3576
3765
3413
307
111
2645
17
3361
2347
1530
3710
274
668
506
1699
2398
237
2282
3649
412
1637
3211
305
457
243
299
1677
868
681
1798
3614
2904
527
3062
3397
369
499
1721
1295
3286
3308
1312
2550
887
2850
548
3683
2584
1852
3779
483
1496
3671
3737
349
3153
1123
1606
150
1340
1399
1301
2958
2065
3450
2824
2567
2106
1589
2165
16
1252
427
3522
2226
33
993
1456
624
677
141
2846
3070
218
2331
2026
3219
3181
3842
3149
823
1111
363
2088
1933
473
2410
2293
1236
2069
2763
1662
3139
3871
2432
3447
1441
789
1000
2492
2866
852
1763
720
2291
1888
3359
2377
1487
505
3334
1394
1093
2309
1139
3747
2769
563
724
3055
3306
3221
2171
3109
3074
3648
2660
1395
2865
2134
3465
374
3232
3713
365
2136
1431
194
3804
2021
1684
1053
1854
2468
2991
74
2592
570
2907
1634
1704
1827
3129
40
3092
1939
3353
762
3054
318
1044
3541
3162
2734
304
2442
728
1279
3718
1836
2305
3014
3440
129
313
631
956
2469
3441
2716
1819
2208
1315
2679
1955
3166
642
3140
1051
493
3364
3285
2870
2714
3660
3260
618
3272
328
3767
1539
3763
1325
390
881
880
3847
2206
3603
3446
2890
1477
332
1533
1507
1347
2301
2972
849
3834
3262
865
3644
1498
1568
1973
2835
3512
1764
3345
293
715
822
3357
2322
1655
1383
3042
2459
2266
2496
26
1975
140
2272
721
2600
422
98
1129
1926
2828
1388
105
2238
3886
1576
1977
1978
174
2704
2863
2837
2124
3517
1862
808
3669
272
1773
851
2858
2515
2885
586
1459
1648
1875
1287
2647
3864
528
2971
2675
3038
1030
2713
1145
972
2597
2811
3750
1143
399
1845
3863
3190
42
2277
1679
1946
909
1720
3502
532
3212
2589
1790
3878
707
3013
662
1373
2031
352
2429
59
437
3597
1795
950
926
2483
2542
2062
382
3142
2025
182
538
210
691
737
3808
2144
446
3319
771
1125
27
1593
1723
1370
1016
2348
309
334
3636
3627
2627
1021
924
345
3220
3824
3444
896
3749
2494
3046
30
1924
1201
1808
3305
2334
3078
862
2566
1516
1803
3607
1793
3899
918
2626
2123
1700
3595
1563
2883
3416
1588
2732
632
1962
2759
2683
2611
3003
616
478
442
633
1188
2792
1646
2798
1792
685
1781
1213
2234
296
2992
1596
3090
3880
3388
2463
441
981
1777
1299
791
341
2141
154
240
2896
1560
153
227
3294
936
3509
3036
2386
742
1292
1413
1886
2323
3657
1873
1371
1976
3439
1337
1760
3134
2861
1219
2857
3550
2801
3650
2407
1850
2100
1797
3217
2889
1353
1331
144
2097
0
1361
1911
1122
337
426
3568
2387
3047
1035
3180
4
1268
1544
3243
1567
2183
1891
1802
404
2663
1155
2695
3769
1711
3250
2260
2024
3344
1787
1142
1160
914
3119
1180
2807
738
3616
2444
3488
3210
455
3171
1064
271
3915
2581
2950
2405
3553
171
1428
173
2037
990
252
2945
3173
1173
434
3494
104
714
471
2420
1302
76
3695
456
790
2458
3508
195
1529
3471
3349
3091
3482
85
438
2641
2510
1460
2946
276
1386
2912
3280
2185
2816
983
665
2622
2594
2270
1149
3052
1653
3443
1974
2968
2587
3538
1012
1580
1613
1024
2476
992
1640
1866
2421
2076
872
1414
131
1244
3072
2556
3469
957
1348
964
1524
2793
1046
664
3764
1073
3901
1799
2642
3025
3066
20
120
2219
2875
2884
1150
1227
630
2937
3879
1276
3652
128
36
819
3803
2202
2414
3125
1212
1290
2075
3304
593
3337
2921
2867
2118
3006
1222
147
1110
1698
83
989
2881
1254
3621
2495
3292
2942
329
2417
3216
1432
3094
97
879
1100
3182
1724
1809
1224
1745
2150
1176
2265
2746
1374
1320
1040
3428
2595
2451
2010
2752
2582
109
675
3466
1491
452
3852
1525
2022
2573
2110
1002
3193
535
1835
1980
3869
980
515
1195
1812
1999
994
350
1243
2449
719
988
1454
582
3478
1877
706
3592
3564
3807
1128
3131
1306
3546
1429
3079
3511
592
2045
2352
1508
1322
1088
1027
3626
3325
3295
2173
2254
688
778
415
3300
558
1457
2553
414
48
952
3688
3116
1585
629
1914
2561
2525
3374
2864
2630
3881
904
3229
2312
1971
3352
1117
1598
745
1740
1265
1026
3586
700
3133
3362
1034
2617
2035
1470
1277
3120
539
3458
597
2571
1746
2186
3822
2821
249
3024
3754
3638
2225
1417
3817
2715
3662
3392
3089
3704
1479
3684
7
2577
806
613
401
236
1881
804
2472
704
152
2662
3802
2023
2661
3023
3664
2507
1541
158
2160
996
377
2119
1571
1972
2336
2757
3827
1526
2995
1927
3540
1982
3310
2215
1871
1057
1190
3685
1629
32
1343
1815
165
716
2428
1344
3468
3735
3549
3895
752
2523
3850
2032
44
1840
2670
447
1843
199
3591
690
1682
439
2536
2366
2466
1767
1695
1216
958
1659
2781
114
372
2007
522
560
3615
2412
3846
2975
1511
3815
3115
432
978
139
1350
799
1074
1077
1780
2999
1071
2284
3377
3733
286
889
3632
2787
1020
3794
2091
1747
2534
3579
2288
3673
3598
3583
1546
883
3756
551
132
1675
1369
50
3030
3145
3781
2651
324
1624
2498
380
1158
203
2665
711
3814
3521
3202
2328
1232
605
1391
3121
2831
2403
965
1770
1036
3830
2518
3519
650
615
2751
552
3045
3741
2601
1014
3531
2980
338
2315
3911
449
1692
2103
3801
364
2197
3483
2894
177
3209
181
2039
1218
1923
461
769
2784
2508
2229
3200
2830
1286
385
976
1762
2681
1468
3028
3909
3053
2502
2330
3323
2231
1060
3201
971
579
1954
1023
643
431
3407
1782
3755
2772
86
3606
3419
3536
2046
864
3259
3360
3061
3317
1291
703
325
1728
1604
3195
2770
2969
1983
1178
2710
3641
2737
241
1890
1674
2108
2383
268
2044
3214
1783
2985
2959
2303
2908
1102
589
238
3132
378
2986
2121
3539
395
801
1438
3783
1296
3376
1994
600
398
1661
1929
565
421
3888
2693
1283
2456
270
917
1078
1833
239
927
2822
3640
3240
2829
2329
1885
223
348
3227
285
2002
1179
219
1934
212
2851
2984
2749
2014
3916
3081
1825
2135
346
581
2299
3745
3716
1826
2354
3503
2158
1038
673
708
1246
1494
3768
2927
3
3095
1114
2551
280
870
1351
1099
2691
1757
3007
3056
3122
2395
1104
1314
3156
2189
376
3462
3346
2935
1818
3643
2943
567
3035
143
3143
23
2552
2767
3314
3103
2203
828
2340
869
1069
1522
2668
2263
474
2138
1719
781
2399
1523
3169
3168
2564
1465
1772
3861
2086
2654
2298
1636
1556
2575
178
2603
1278
1186
2083
3848
1527
2758
2989
3394
1988
2101
3717
234
3170
2944
2038
2795
3302
3191
1686
2353
3681
1354
1932
710
451
2349
1333
784
1387
3611
940
3255
1505
28
1342
1654
3385
3711
1665
248
3528
3363
1625
2619
1443
288
184
1557
2343
1887
1729
3281
1842
2976
168
8
2874
3491
2785
2918
1228
1485
3040
1447
273
470
1126
1778
3561
1336
1666
2111
492
2259
826
2694
1652
2411
2179
2367
80
15
3059
2003
614
1214
1106
1189
3184
2555
2116
1199
3100
2425
1307
102
283
485
2810
1359
1410
1360
3390
1328
556
1404
3477
1904
2629
3026
1357
2132
2027
1905
3315
3672
553
2788
1789
2789
2457
1520
2450
3322
2131
2085
1168
1003
3318
3599
1167
2739
257
232
908
1758
867
754
2486
922
408
3311
2974
1935
678
1959
2930
191
3163
314
3313
2345
1205
1552
224
13
1605
3096
1993
846
2488
1191
2652
2493
2519
3299
367
3833
1204
1918
718
3487
3619
3080
2416
3506
373
3906
701
656
1080
1602
3712
3697
1349
204
246
1512
2602
1898
2422
1198
1090
2671
1830
1734
1260
2955
2925
2218
2102
3051
3782
2805
2774
1969
3031
2480
2922
1953
2952
1230
2174
518
670
89
1061
740
858
265
947
2017
1120
2529
490
1119
3844
911
2326
2281
3414
797
2408
575
2666
2321
3075
916
1575
3372
2374
3525
2657
2997
1463
3101
2396
2981
2744
31
839
2993
832
202
2761
2773
2267
2401
2586
1591
1187
78
1183
3780
1270
1202
3772
884
2741
913
3826
1488
644
3177
3900
741
3701
127
2447
606
2869
2464
1928
1423
2873
1451
2433
69
21
1966
342
2356
514
3179
1731
1440
3665
2722
1136
584
108
1572
333
2404
2391
504
757
3405
2342
547
2249
3008
3350
3498
3837
928
12
3796
1688
3437
2280
423
3112
2776
3513
3411
1406
3798
3167
465
2686
3740
339
508
2909
2685
3719
2286
734
602
3366
228
2063
2191
915
1043
2092
37
1434
3620
800
1984
3727
2813
1750
370
2580
3330
1712
531
1010
1466
266
2903
1744
1210
3266
2001
3629
2899
510
534
1304
855
1241
2251
2609
3766
3903
3412
945
2673
3342
1916
2067
2823
1135
1203
2127
3307
2332
1590
3799
2961
2142
3675
1445
9
2181
3699
3417
564
3020
2406
1895
289
795
220
1504
3602
1660
2314
3296
2256
3185
3454
617
1382
2247
2004
1663
1587
1316
1364
3164
641
1083
601
1703
2578
1300
899
2998
1001
3041
3892
2154
756
303
3247
2271
3551
1990
47
2778
925
625
3249
3670
2608
2090
2188
64
2392
3274
1436
3288
818
118
3343
1154
94
891
1824
2745
1467
3082
697
2040
6
3371
2565
3027
3301
1200
1599
2235
843
91
242
57
3656
824
2636
1586
2730
2509
686
2848
355
2244
973
2246
1820
1931
1493
331
1489
967
827
931
1319
2689
1998
3653
2853
3341
1048
1726
3753
3829
2779
979
253
3904
2639
3297
22
2129
291
3303
3218
1883
3746
3155
1755
1739
3012
507
3165
119
3910
3588
2902
245
1352
1062
1257
959
3855
3703
3694
100
3493
357
2929
1037
211
874
1377
1097
208
2199
1791
2844
968
794
2382
2413
3585
3762
3205
2977
2583
1196
3331
793
2467
1627
2826
2720
3908
3018
1961
3825
2760
3001
3805
2198
3617
2855
2167
1025
1940
1626
1536
923
2838
3698
2370
3380
3384
2358
1816
2723
3562
1800
895
594
2503
3628
2872
3542
758
2910
489
3263
3559
1610
3646
1623
713
1403
1091
1717
1554
2341
2644
3856
3408
3736
3283
833
2295
903
435
2559
3015
3832
1651
591
2239
2426
1805
1749
1424
583
3421
215
3235
3254
2257
1545
1249
63
477
3348
2232
1709
2957
588
2363
1633
2690
88
620
317
1164
2612
3391
2243
1925
1285
279
275
1052
3823
712
519
2618
3427
259
2333
497
2893
488
2818
269
1425
1379
1632
3605
1253
1566
2725
70
496
138
812
3114
2115
175
3354
1372
3556
3248
1968
537
2438
306
3152
1094
912
3885
2020
3634
2485
1515
651
1101
2590
3789
3529
727
1882
3239
1645
2224
782
2703
65
1979
3093
1066
3224
657
501
1171
671
647
2520
3332
2071
2962
1070
294
2009
2296
875
603
2766
3256
1261
3797
2051
765
2729
2337
315
3320
966
2535
1741
1562
379
3275
482
297
3810
907
3510
1272
1419
96
1858
3654
433
1565
524
3434
2011
14
1647
2368
2680
2452
3774
1870
2084
1672
3135
1509
550
1872
3505
359
2196
698
1841
1930
732
3234
3811
873
1308
876
2099
1691
3049
3548
1058
574
2963
2109
1327
2049
841
1478
735
3883
717
2605
2130
1326
3876
3884
3312
481
1735
1115
3882
2273
1476
3192
2782
2394
1671
3470
628
2292
1857
51
2388
3127
502
2300
1221
190
2418
1323
2016
541
1469
2599
572
3678
2633
2511
2613
1943
3563
2287
330
262
3721
1378
3271
1330
3523
221
878
2462
2209
3691
1251
1137
1775
3016
2814
1045
1543
1542
2591
2474
3552
2887
805
1056
198
2672
1579
1807
213
1389
622
2346
1550
1656
3870
1482
840
648
2682
3784
803
172
1900
2834
1089
1225
545
2133
1385
520
429
929
1185
354
2157
3002
2513
3086
1427
2168
653
416
3537
2471
3504
400
2034
1015
3914
2436
2245
3610
2501
635
512
122
2378
2541
3085
3339
106
845
1531
2484
2841
3233
542
1537
2842
679
3368
1702
3207
1748
1405
1601
1087
2275
3123
206
486
955
3445
2339
2371
193
3399
2799
815
1738
392
1435
1831
1412
772
1727
2677
1578
2604
2658
2237
3324
1266
2072
3578
2497
39
3073
3674
3821
970
1050
3429
476
2843
2375
627
170
384
93
933
430
2936
362
2269
2318
2606
3507
2190
1008
3793
2731
2440
3157
1226
902
894
25
1561
3630
1584
2588
566
3485
919
1555
3264
2852
2913
3097
75
2125
729
3137
3406
731
3183
3172
1876
2859
3367
2544
942
2439
2607
3068
2880
2939
2019
780
2180
142
231
3613
687
3667
3432
2920
3356
2528
2707
1621
2087
1697
3387
2754
2360
674
666
1063
2747
859
1810
2610
2637
2753
3633
1329
900
56
99
1689
2574
3570
3806
1945
3088
2233
1140
2230
1206
2475
3788
554
2060
2940
3839
834
3048
34
604
3246
1937
2361
295
1630
511
2643
3378
405
2047
2473
2780
2427
2107
1909
1072
67
1776
2598
1851
1105
311
1635
3835
3161
2317
3029
2748
256
2487
2892
2240
1706
1174
1446
555
480
3571
3580
3290
3682
124
1707
3752
1267
2967
2506
2692
2015
3534
180
1769
62
3442
116
3199
1754
1335
634
1019
702
3499
3401
1693
2585
3381
576
2897
487
3230
2117
1124
2579
3009
2919
393
110
1514
3475
3117
1275
1597
458
788
185
2631
1408
654
1759
2248
1393
1922
2120
2268
2376
1510
821
388
3222
3873
763
2223
46
3560
517
2053
130
3647
361
2460
1181
2547
2669
811
1450
2166
2304
3238
2560
3452
2532
1673
3720
3841
2563
722
2156
1642
264
3476
3461
2738
60
1912
196
3639
2057
1553
2073
1849
230
961
1813
3351
596
136
699
217
3668
669
316
2362
2058
2178
2036
2126
